static/19h.asc
ncols         194
nrows         127
xllcorner     -8261.1535664257
yllcorner     3014704.9561718
cellsize      29.112647571873
NODATA_value  -9999
[rows 0 to 27 of 127, columns 126 to 188 of 194]
11.13468 11.13468 11.12214 11.12214 11.12214 11.12214 11.12214 11.10411 11.10411 11.10411 11.10411 11.10411 11.08055 11.08055 11.08055 11.08055 11.08055 11.05135 11.05135 11.05135 11.05135 11.05135 11.01637 11.01637 11.01637 11.01637 11.01637 10.97542 10.97542 10.97542 10.97542 10.97542 10.92824 10.92824 10.92824 10.92824 10.92824 10.87449 10.87449 10.87449 10.87449 10.87449 10.87449 10.81376 10.81376 10.81376 10.81376 10.81376 10.74552 10.74552 10.74552 10.74552 10.74552 10.66916 10.66916 10.66916 10.66916 10.66916 10.58395 10.58395 10.58395 10.58395 10.58395
11.13468 11.13468 11.12214 11.12214 11.12214 11.12214 11.12214 11.10411 11.10411 11.10411 11.10411 11.10411 11.08055 11.08055 11.08055 11.08055 11.08055 11.05135 11.05135 11.05135 11.05135 11.05135 11.01637 11.01637 11.01637 11.01637 11.01637 10.97542 10.97542 10.97542 10.97542 10.97542 10.92824 10.92824 10.92824 10.92824 10.92824 10.87449 10.87449 10.87449 10.87449 10.87449 10.87449 10.81376 10.81376 10.81376 10.81376 10.81376 10.74552 10.74552 10.74552 10.74552 10.74552 10.66916 10.66916 10.66916 10.66916 10.66916 10.58395 10.58395 10.58395 10.58395 10.58395
11.13468 11.13468 11.12214 11.12214 11.12214 11.12214 11.12214 11.10411 11.10411 11.10411 11.10411 11.10411 11.08055 11.08055 11.08055 11.08055 11.08055 11.05135 11.05135 11.05135 11.05135 11.05135 11.01637 11.01637 11.01637 11.01637 11.01637 10.97542 10.97542 10.97542 10.97542 10.97542 10.92824 10.92824 10.92824 10.92824 10.92824 10.87449 10.87449 10.87449 10.87449 10.87449 10.87449 10.81376 10.81376 10.81376 10.81376 10.81376 10.74552 10.74552 10.74552 10.74552 10.74552 10.66916 10.66916 10.66916 10.66916 10.66916 10.58395 10.58395 10.58395 10.58395 10.58395
11.13468 11.13468 11.12214 11.12214 11.12214 11.12214 11.12214 11.10411 11.10411 11.10411 11.10411 11.10411 11.08055 11.08055 11.08055 11.08055 11.08055 11.05135 11.05135 11.05135 11.05135 11.05135 11.01637 11.01637 11.01637 11.01637 11.01637 10.97542 10.97542 10.97542 10.97542 10.97542 10.92824 10.92824 10.92824 10.92824 10.92824 10.87449 10.87449 10.87449 10.87449 10.87449 10.87449 10.81376 10.81376 10.81376 10.81376 10.81376 10.74552 10.74552 10.74552 10.74552 10.74552 10.66916 10.66916 10.66916 10.66916 10.66916 10.58395 10.58395 10.58395 10.58395 10.58395
11.21022 11.21022 11.19913 11.19913 11.19913 11.19913 11.19913 11.1834 11.1834 11.1834 11.1834 11.1834 11.16298 11.16298 11.16298 11.16298 11.16298 11.1378 11.1378 11.1378 11.1378 11.1378 11.10769 11.10769 11.10769 11.10769 11.10769 11.07244 11.07244 11.07244 11.07244 11.07244 11.03176 11.03176 11.03176 11.03176 11.03176 10.98527 10.98527 10.98527 10.98527 10.98527 10.98527 10.93248 10.93248 10.93248 10.93248 10.93248 10.87283 10.87283 10.87283 10.87283 10.87283 10.80561 10.80561 10.80561 10.80561 10.80561 10.73005 10.73005 10.73005 10.73005 10.73005
11.21022 11.21022 11.19913 11.19913 11.19913 11.19913 11.19913 11.1834 11.1834 11.1834 11.1834 11.1834 11.16298 11.16298 11.16298 11.16298 11.16298 11.1378 11.1378 11.1378 11.1378 11.1378 11.10769 11.10769 11.10769 11.10769 11.10769 11.07244 11.07244 11.07244 11.07244 11.07244 11.03176 11.03176 11.03176 11.03176 11.03176 10.98527 10.98527 10.98527 10.98527 10.98527 10.98527 10.93248 10.93248 10.93248 10.93248 10.93248 10.87283 10.87283 10.87283 10.87283 10.87283 10.80561 10.80561 10.80561 10.80561 10.80561 10.73005 10.73005 10.73005 10.73005 10.73005
11.21022 11.21022 11.19913 11.19913 11.19913 11.19913 11.19913 11.1834 11.1834 11.1834 11.1834 11.1834 11.16298 11.16298 11.16298 11.16298 11.16298 11.1378 11.1378 11.1378 11.1378 11.1378 11.10769 11.10769 11.10769 11.10769 11.10769 11.07244 11.07244 11.07244 11.07244 11.07244 11.03176 11.03176 11.03176 11.03176 11.03176 10.98527 10.98527 10.98527 10.98527 10.98527 10.98527 10.93248 10.93248 10.93248 10.93248 10.93248 10.87283 10.87283 10.87283 10.87283 10.87283 10.80561 10.80561 10.80561 10.80561 10.80561 10.73005 10.73005 10.73005 10.73005 10.73005
11.21022 11.21022 11.19913 11.19913 11.19913 11.19913 11.19913 11.1834 11.1834 11.1834 11.1834 11.1834 11.16298 11.16298 11.16298 11.16298 11.16298 11.1378 11.1378 11.1378 11.1378 11.1378 11.10769 11.10769 11.10769 11.10769 11.10769 11.07244 11.07244 11.07244 11.07244 11.07244 11.03176 11.03176 11.03176 11.03176 11.03176 10.98527 10.98527 10.98527 10.98527 10.98527 10.98527 10.93248 10.93248 10.93248 10.93248 10.93248 10.87283 10.87283 10.87283 10.87283 10.87283 10.80561 10.80561 10.80561 10.80561 10.80561 10.73005 10.73005 10.73005 10.73005 10.73005
11.21022 11.21022 11.19913 11.19913 11.19913 11.19913 11.19913 11.1834 11.1834 11.1834 11.1834 11.1834 11.16298 11.16298 11.16298 11.16298 11.16298 11.1378 11.1378 11.1378 11.1378 11.1378 11.10769 11.10769 11.10769 11.10769 11.10769 11.07244 11.07244 11.07244 11.07244 11.07244 11.03176 11.03176 11.03176 11.03176 11.03176 10.98527 10.98527 10.98527 10.98527 10.98527 10.98527 10.93248 10.93248 10.93248 10.93248 10.93248 10.87283 10.87283 10.87283 10.87283 10.87283 10.80561 10.80561 10.80561 10.80561 10.80561 10.73005 10.73005 10.73005 10.73005 10.73005
11.21022 11.21022 11.19913 11.19913 11.19913 11.19913 11.19913 11.1834 11.1834 11.1834 11.1834 11.1834 11.16298 11.16298 11.16298 11.16298 11.16298 11.1378 11.1378 11.1378 11.1378 11.1378 11.10769 11.10769 11.10769 11.10769 11.10769 11.07244 11.07244 11.07244 11.07244 11.07244 11.03176 11.03176 11.03176 11.03176 11.03176 10.98527 10.98527 10.98527 10.98527 10.98527 10.98527 10.93248 10.93248 10.93248 10.93248 10.93248 10.87283 10.87283 10.87283 10.87283 10.87283 10.80561 10.80561 10.80561 10.80561 10.80561 10.73005 10.73005 10.73005 10.73005 10.73005
11.30291 11.30291 11.29293 11.29293 11.29293 11.29293 11.29293 11.27897 11.27897 11.27897 11.27897 11.27897 11.26109 11.26109 11.26109 11.26109 11.26109 11.23926 11.23926 11.23926 11.23926 11.23926 11.21335 11.21335 11.21335 11.21335 11.21335 11.18317 11.18317 11.18317 11.18317 11.18317 11.14843 11.14843 11.14843 11.14843 11.14843 11.10871 11.10871 11.10871 11.10871 11.10871 11.10871 11.06349 11.06349 11.06349 11.06349 11.06349 11.01215 11.01215 11.01215 11.01215 11.01215 10.9539 10.9539 10.9539 10.9539 10.9539 10.88788 10.88788 10.88788 10.88788 10.88788
11.30291 11.30291 11.29293 11.29293 11.29293 11.29293 11.29293 11.27897 11.27897 11.27897 11.27897 11.27897 11.26109 11.26109 11.26109 11.26109 11.26109 11.23926 11.23926 11.23926 11.23926 11.23926 11.21335 11.21335 11.21335 11.21335 11.21335 11.18317 11.18317 11.18317 11.18317 11.18317 11.14843 11.14843 11.14843 11.14843 11.14843 11.10871 11.10871 11.10871 11.10871 11.10871 11.10871 11.06349 11.06349 11.06349 11.06349 11.06349 11.01215 11.01215 11.01215 11.01215 11.01215 10.9539 10.9539 10.9539 10.9539 10.9539 10.88788 10.88788 10.88788 10.88788 10.88788
11.30291 11.30291 11.29293 11.29293 11.29293 11.29293 11.29293 11.27897 11.27897 11.27897 11.27897 11.27897 11.26109 11.26109 11.26109 11.26109 11.26109 11.23926 11.23926 11.23926 11.23926 11.23926 11.21335 11.21335 11.21335 11.21335 11.21335 11.18317 11.18317 11.18317 11.18317 11.18317 11.14843 11.14843 11.14843 11.14843 11.14843 11.10871 11.10871 11.10871 11.10871 11.10871 11.10871 11.06349 11.06349 11.06349 11.06349 11.06349 11.01215 11.01215 11.01215 11.01215 11.01215 10.9539 10.9539 10.9539 10.9539 10.9539 10.88788 10.88788 10.88788 10.88788 10.88788
11.30291 11.30291 11.29293 11.29293 11.29293 11.29293 11.29293 11.27897 11.27897 11.27897 11.27897 11.27897 11.26109 11.26109 11.26109 11.26109 11.26109 11.23926 11.23926 11.23926 11.23926 11.23926 11.21335 11.21335 11.21335 11.21335 11.21335 11.18317 11.18317 11.18317 11.18317 11.18317 11.14843 11.14843 11.14843 11.14843 11.14843 11.10871 11.10871 11.10871 11.10871 11.10871 11.10871 11.06349 11.06349 11.06349 11.06349 11.06349 11.01215 11.01215 11.01215 11.01215 11.01215 10.9539 10.9539 10.9539 10.9539 10.9539 10.88788 10.88788 10.88788 10.88788 10.88788
11.30291 11.30291 11.29293 11.29293 11.29293 11.29293 11.29293 11.27897 11.27897 11.27897 11.27897 11.27897 11.26109 11.26109 11.26109 11.26109 11.26109 11.23926 11.23926 11.23926 11.23926 11.23926 11.21335 11.21335 11.21335 11.21335 11.21335 11.18317 11.18317 11.18317 11.18317 11.18317 11.14843 11.14843 11.14843 11.14843 11.14843 11.10871 11.10871 11.10871 11.10871 11.10871 11.10871 11.06349 11.06349 11.06349 11.06349 11.06349 11.01215 11.01215 11.01215 11.01215 11.01215 10.9539 10.9539 10.9539 10.9539 10.9539 10.88788 10.88788 10.88788 10.88788 10.88788
11.41089 11.41089 11.40163 11.40163 11.40163 11.40163 11.40163 11.38899 11.38899 11.38899 11.38899 11.38899 11.37314 11.37314 11.37314 11.37314 11.37314 11.35413 11.35413 11.35413 11.35413 11.35413 11.33193 11.33193 11.33193 11.33193 11.33193 11.30637 11.30637 11.30637 11.30637 11.30637 11.27719 11.27719 11.27719 11.27719 11.27719 11.24397 11.24397 11.24397 11.24397 11.24397 11.24397 11.20616 11.20616 11.20616 11.20616 11.20616 11.16305 11.16305 11.16305 11.16305 11.16305 11.11378 11.11378 11.11378 11.11378 11.11378 11.05735 11.05735 11.05735 11.05735 11.05735
11.41089 11.41089 11.40163 11.40163 11.40163 11.40163 11.40163 11.38899 11.38899 11.38899 11.38899 11.38899 11.37314 11.37314 11.37314 11.37314 11.37314 11.35413 11.35413 11.35413 11.35413 11.35413 11.33193 11.33193 11.33193 11.33193 11.33193 11.30637 11.30637 11.30637 11.30637 11.30637 11.27719 11.27719 11.27719 11.27719 11.27719 11.24397 11.24397 11.24397 11.24397 11.24397 11.24397 11.20616 11.20616 11.20616 11.20616 11.20616 11.16305 11.16305 11.16305 11.16305 11.16305 11.11378 11.11378 11.11378 11.11378 11.11378 11.05735 11.05735 11.05735 11.05735 11.05735
11.41089 11.41089 11.40163 11.40163 11.40163 11.40163 11.40163 11.38899 11.38899 11.38899 11.38899 11.38899 11.37314 11.37314 11.37314 11.37314 11.37314 11.35413 11.35413 11.35413 11.35413 11.35413 11.33193 11.33193 11.33193 11.33193 11.33193 11.30637 11.30637 11.30637 11.30637 11.30637 11.27719 11.27719 11.27719 11.27719 11.27719 11.24397 11.24397 11.24397 11.24397 11.24397 11.24397 11.20616 11.20616 11.20616 11.20616 11.20616 11.16305 11.16305 11.16305 11.16305 11.16305 11.11378 11.11378 11.11378 11.11378 11.11378 11.05735 11.05735 11.05735 11.05735 11.05735
11.41089 11.41089 11.40163 11.40163 11.40163 11.40163 11.40163 11.38899 11.38899 11.38899 11.38899 11.38899 11.37314 11.37314 11.37314 11.37314 11.37314 11.35413 11.35413 11.35413 11.35413 11.35413 11.33193 11.33193 11.33193 11.33193 11.33193 11.30637 11.30637 11.30637 11.30637 11.30637 11.27719 11.27719 11.27719 11.27719 11.27719 11.24397 11.24397 11.24397 11.24397 11.24397 11.24397 11.20616 11.20616 11.20616 11.20616 11.20616 11.16305 11.16305 11.16305 11.16305 11.16305 11.11378 11.11378 11.11378 11.11378 11.11378 11.05735 11.05735 11.05735 11.05735 11.05735
11.41089 11.41089 11.40163 11.40163 11.40163 11.40163 11.40163 11.38899 11.38899 11.38899 11.38899 11.38899 11.37314 11.37314 11.37314 11.37314 11.37314 11.35413 11.35413 11.35413 11.35413 11.35413 11.33193 11.33193 11.33193 11.33193 11.33193 11.30637 11.30637 11.30637 11.30637 11.30637 11.27719 11.27719 11.27719 11.27719 11.27719 11.24397 11.24397 11.24397 11.24397 11.24397 11.24397 11.20616 11.20616 11.20616 11.20616 11.20616 11.16305 11.16305 11.16305 11.16305 11.16305 11.11378 11.11378 11.11378 11.11378 11.11378 11.05735 11.05735 11.05735 11.05735 11.05735
11.41089 11.41089 11.40163 11.40163 11.40163 11.40163 11.40163 11.38899 11.38899 11.38899 11.38899 11.38899 11.37314 11.37314 11.37314 11.37314 11.37314 11.35413 11.35413 11.35413 11.35413 11.35413 11.33193 11.33193 11.33193 11.33193 11.33193 11.30637 11.30637 11.30637 11.30637 11.30637 11.27719 11.27719 11.27719 11.27719 11.27719 11.24397 11.24397 11.24397 11.24397 11.24397 11.24397 11.20616 11.20616 11.20616 11.20616 11.20616 11.16305 11.16305 11.16305 11.16305 11.16305 11.11378 11.11378 11.11378 11.11378 11.11378 11.05735 11.05735 11.05735 11.05735 11.05735
11.53239 11.53239 11.52341 11.52341 11.52341 11.52341 11.52341 11.51163 11.51163 11.51163 11.51163 11.51163 11.49733 11.49733 11.49733 11.49733 11.49733 11.48071 11.48071 11.48071 11.48071 11.48071 11.46183 11.46183 11.46183 11.46183 11.46183 11.4406 11.4406 11.4406 11.4406 11.4406 11.41679 11.41679 11.41679 11.41679 11.41679 11.38999 11.38999 11.38999 11.38999 11.38999 11.38999 11.35962 11.35962 11.35962 11.35962 11.35962 11.32487 11.32487 11.32487 11.32487 11.32487 11.28479 11.28479 11.28479 11.28479 11.28479 11.23823 11.23823 11.23823 11.23823 11.23823
11.53239 11.53239 11.52341 11.52341 11.52341 11.52341 11.52341 11.51163 11.51163 11.51163 11.51163 11.51163 11.49733 11.49733 11.49733 11.49733 11.49733 11.48071 11.48071 11.48071 11.48071 11.48071 11.46183 11.46183 11.46183 11.46183 11.46183 11.4406 11.4406 11.4406 11.4406 11.4406 11.41679 11.41679 11.41679 11.41679 11.41679 11.38999 11.38999 11.38999 11.38999 11.38999 11.38999 11.35962 11.35962 11.35962 11.35962 11.35962 11.32487 11.32487 11.32487 11.32487 11.32487 11.28479 11.28479 11.28479 11.28479 11.28479 11.23823 11.23823 11.23823 11.23823 11.23823
11.53239 11.53239 11.52341 11.52341 11.52341 11.52341 11.52341 11.51163 11.51163 11.51163 11.51163 11.51163 11.49733 11.49733 11.49733 11.49733 11.49733 11.48071 11.48071 11.48071 11.48071 11.48071 11.46183 11.46183 11.46183 11.46183 11.46183 11.4406 11.4406 11.4406 11.4406 11.4406 11.41679 11.41679 11.41679 11.41679 11.41679 11.38999 11.38999 11.38999 11.38999 11.38999 11.38999 11.35962 11.35962 11.35962 11.35962 11.35962 11.32487 11.32487 11.32487 11.32487 11.32487 11.28479 11.28479 11.28479 11.28479 11.28479 11.23823 11.23823 11.23823 11.23823 11.23823
11.53239 11.53239 11.52341 11.52341 11.52341 11.52341 11.52341 11.51163 11.51163 11.51163 11.51163 11.51163 11.49733 11.49733 11.49733 11.49733 11.49733 11.48071 11.48071 11.48071 11.48071 11.48071 11.46183 11.46183 11.46183 11.46183 11.46183 11.4406 11.4406 11.4406 11.4406 11.4406 11.41679 11.41679 11.41679 11.41679 11.41679 11.38999 11.38999 11.38999 11.38999 11.38999 11.38999 11.35962 11.35962 11.35962 11.35962 11.35962 11.32487 11.32487 11.32487 11.32487 11.32487 11.28479 11.28479 11.28479 11.28479 11.28479 11.23823 11.23823 11.23823 11.23823 11.23823
11.53239 11.53239 11.52341 11.52341 11.52341 11.52341 11.52341 11.51163 11.51163 11.51163 11.51163 11.51163 11.49733 11.49733 11.49733 11.49733 11.49733 11.48071 11.48071 11.48071 11.48071 11.48071 11.46183 11.46183 11.46183 11.46183 11.46183 11.4406 11.4406 11.4406 11.4406 11.4406 11.41679 11.41679 11.41679 11.41679 11.41679 11.38999 11.38999 11.38999 11.38999 11.38999 11.38999 11.35962 11.35962 11.35962 11.35962 11.35962 11.32487 11.32487 11.32487 11.32487 11.32487 11.28479 11.28479 11.28479 11.28479 11.28479 11.23823 11.23823 11.23823 11.23823 11.23823
11.53239 11.53239 11.52341 11.52341 11.52341 11.52341 11.52341 11.51163 11.51163 11.51163 11.51163 11.51163 11.49733 11.49733 11.49733 11.49733 11.49733 11.48071 11.48071 11.48071 11.48071 11.48071 11.46183 11.46183 11.46183 11.46183 11.46183 11.4406 11.4406 11.4406 11.4406 11.4406 11.41679 11.41679 11.41679 11.41679 11.41679 11.38999 11.38999 11.38999 11.38999 11.38999 11.38999 11.35962 11.35962 11.35962 11.35962 11.35962 11.32487 11.32487 11.32487 11.32487 11.32487 11.28479 11.28479 11.28479 11.28479 11.28479 11.23823 11.23823 11.23823 11.23823 11.23823
11.66574 11.66574 11.65653 11.65653 11.65653 11.65653 11.65653 11.64508 11.64508 11.64508 11.64508 11.64508 11.63187 11.63187 11.63187 11.63187 11.63187 11.61724 11.61724 11.61724 11.61724 11.61724 11.60138 11.60138 11.60138 11.60138 11.60138 11.5843 11.5843 11.5843 11.5843 11.5843 11.56582 11.56582 11.56582 11.56582 11.56582 11.54554 11.54554 11.54554 11.54554 11.54554 11.54554 11.52282 11.52282 11.52282 11.52282 11.52282 11.4968 11.4968 11.4968 11.4968 11.4968 11.46634 11.46634 11.46634 11.46634 11.46634 11.43013 11.43013 11.43013 11.43013 11.43013
