static/19h.asc
ncols         194
nrows         127
xllcorner     -8261.1535664257
yllcorner     3014704.9561718
cellsize      29.112647571873
NODATA_value  -9999
[rows 84 to 111 of 127, columns 0 to 62 of 194]
11.18489 11.30035 11.30035 11.30035 11.30035 11.30035 11.42276 11.42276 11.42276 11.42276 11.42276 11.55216 11.55216 11.55216 11.55216 11.55216 11.68876 11.68876 11.68876 11.68876 11.68876 11.83274 11.83274 11.83274 11.83274 11.83274 11.98422 11.98422 11.98422 11.98422 11.98422 12.14305 12.14305 12.14305 12.14305 12.14305 12.30874 12.30874 12.30874 12.30874 12.30874 12.48028 12.48028 12.48028 12.48028 12.48028 12.48028 12.65595 12.65595 12.65595 12.65595 12.65595 12.83313 12.83313 12.83313 12.83313 12.83313 13.00813 13.00813 13.00813 13.00813 13.00813 13.1761
11.18489 11.30035 11.30035 11.30035 11.30035 11.30035 11.42276 11.42276 11.42276 11.42276 11.42276 11.55216 11.55216 11.55216 11.55216 11.55216 11.68876 11.68876 11.68876 11.68876 11.68876 11.83274 11.83274 11.83274 11.83274 11.83274 11.98422 11.98422 11.98422 11.98422 11.98422 12.14305 12.14305 12.14305 12.14305 12.14305 12.30874 12.30874 12.30874 12.30874 12.30874 12.48028 12.48028 12.48028 12.48028 12.48028 12.48028 12.65595 12.65595 12.65595 12.65595 12.65595 12.83313 12.83313 12.83313 12.83313 12.83313 13.00813 13.00813 13.00813 13.00813 13.00813 13.1761
11.18489 11.30035 11.30035 11.30035 11.30035 11.30035 11.42276 11.42276 11.42276 11.42276 11.42276 11.55216 11.55216 11.55216 11.55216 11.55216 11.68876 11.68876 11.68876 11.68876 11.68876 11.83274 11.83274 11.83274 11.83274 11.83274 11.98422 11.98422 11.98422 11.98422 11.98422 12.14305 12.14305 12.14305 12.14305 12.14305 12.30874 12.30874 12.30874 12.30874 12.30874 12.48028 12.48028 12.48028 12.48028 12.48028 12.48028 12.65595 12.65595 12.65595 12.65595 12.65595 12.83313 12.83313 12.83313 12.83313 12.83313 13.00813 13.00813 13.00813 13.00813 13.00813 13.1761
11.18489 11.30035 11.30035 11.30035 11.30035 11.30035 11.42276 11.42276 11.42276 11.42276 11.42276 11.55216 11.55216 11.55216 11.55216 11.55216 11.68876 11.68876 11.68876 11.68876 11.68876 11.83274 11.83274 11.83274 11.83274 11.83274 11.98422 11.98422 11.98422 11.98422 11.98422 12.14305 12.14305 12.14305 12.14305 12.14305 12.30874 12.30874 12.30874 12.30874 12.30874 12.48028 12.48028 12.48028 12.48028 12.48028 12.48028 12.65595 12.65595 12.65595 12.65595 12.65595 12.83313 12.83313 12.83313 12.83313 12.83313 13.00813 13.00813 13.00813 13.00813 13.00813 13.1761
11.18489 11.30035 11.30035 11.30035 11.30035 11.30035 11.42276 11.42276 11.42276 11.42276 11.42276 11.55216 11.55216 11.55216 11.55216 11.55216 11.68876 11.68876 11.68876 11.68876 11.68876 11.83274 11.83274 11.83274 11.83274 11.83274 11.98422 11.98422 11.98422 11.98422 11.98422 12.14305 12.14305 12.14305 12.14305 12.14305 12.30874 12.30874 12.30874 12.30874 12.30874 12.48028 12.48028 12.48028 12.48028 12.48028 12.48028 12.65595 12.65595 12.65595 12.65595 12.65595 12.83313 12.83313 12.83313 12.83313 12.83313 13.00813 13.00813 13.00813 13.00813 13.00813 13.1761
11.18489 11.30035 11.30035 11.30035 11.30035 11.30035 11.42276 11.42276 11.42276 11.42276 11.42276 11.55216 11.55216 11.55216 11.55216 11.55216 11.68876 11.68876 11.68876 11.68876 11.68876 11.83274 11.83274 11.83274 11.83274 11.83274 11.98422 11.98422 11.98422 11.98422 11.98422 12.14305 12.14305 12.14305 12.14305 12.14305 12.30874 12.30874 12.30874 12.30874 12.30874 12.48028 12.48028 12.48028 12.48028 12.48028 12.48028 12.65595 12.65595 12.65595 12.65595 12.65595 12.83313 12.83313 12.83313 12.83313 12.83313 13.00813 13.00813 13.00813 13.00813 13.00813 13.1761
11.19266 11.32679 11.32679 11.32679 11.32679 11.32679 11.46613 11.46613 11.46613 11.46613 11.46613 11.61096 11.61096 11.61096 11.61096 11.61096 11.76179 11.76179 11.76179 11.76179 11.76179 11.91926 11.91926 11.91926 11.91926 11.91926 12.08391 12.08391 12.08391 12.08391 12.08391 12.25606 12.25606 12.25606 12.25606 12.25606 12.43565 12.43565 12.43565 12.43565 12.43565 12.62206 12.62206 12.62206 12.62206 12.62206 12.62206 12.81383 12.81383 12.81383 12.81383 12.81383 13.0084 13.0084 13.0084 13.0084 13.0084 13.20184 13.20184 13.20184 13.20184 13.20184 13.3887
11.19266 11.32679 11.32679 11.32679 11.32679 11.32679 11.46613 11.46613 11.46613 11.46613 11.46613 11.61096 11.61096 11.61096 11.61096 11.61096 11.76179 11.76179 11.76179 11.76179 11.76179 11.91926 11.91926 11.91926 11.91926 11.91926 12.08391 12.08391 12.08391 12.08391 12.08391 12.25606 12.25606 12.25606 12.25606 12.25606 12.43565 12.43565 12.43565 12.43565 12.43565 12.62206 12.62206 12.62206 12.62206 12.62206 12.62206 12.81383 12.81383 12.81383 12.81383 12.81383 13.0084 13.0084 13.0084 13.0084 13.0084 13.20184 13.20184 13.20184 13.20184 13.20184 13.3887
11.19266 11.32679 11.32679 11.32679 11.32679 11.32679 11.46613 11.46613 11.46613 11.46613 11.46613 11.61096 11.61096 11.61096 11.61096 11.61096 11.76179 11.76179 11.76179 11.76179 11.76179 11.91926 11.91926 11.91926 11.91926 11.91926 12.08391 12.08391 12.08391 12.08391 12.08391 12.25606 12.25606 12.25606 12.25606 12.25606 12.43565 12.43565 12.43565 12.43565 12.43565 12.62206 12.62206 12.62206 12.62206 12.62206 12.62206 12.81383 12.81383 12.81383 12.81383 12.81383 13.0084 13.0084 13.0084 13.0084 13.0084 13.20184 13.20184 13.20184 13.20184 13.20184 13.3887
11.19266 11.32679 11.32679 11.32679 11.32679 11.32679 11.46613 11.46613 11.46613 11.46613 11.46613 11.61096 11.61096 11.61096 11.61096 11.61096 11.76179 11.76179 11.76179 11.76179 11.76179 11.91926 11.91926 11.91926 11.91926 11.91926 12.08391 12.08391 12.08391 12.08391 12.08391 12.25606 12.25606 12.25606 12.25606 12.25606 12.43565 12.43565 12.43565 12.43565 12.43565 12.62206 12.62206 12.62206 12.62206 12.62206 12.62206 12.81383 12.81383 12.81383 12.81383 12.81383 13.0084 13.0084 13.0084 13.0084 13.0084 13.20184 13.20184 13.20184 13.20184 13.20184 13.3887
11.19266 11.32679 11.32679 11.32679 11.32679 11.32679 11.46613 11.46613 11.46613 11.46613 11.46613 11.61096 11.61096 11.61096 11.61096 11.61096 11.76179 11.76179 11.76179 11.76179 11.76179 11.91926 11.91926 11.91926 11.91926 11.91926 12.08391 12.08391 12.08391 12.08391 12.08391 12.25606 12.25606 12.25606 12.25606 12.25606 12.43565 12.43565 12.43565 12.43565 12.43565 12.62206 12.62206 12.62206 12.62206 12.62206 12.62206 12.81383 12.81383 12.81383 12.81383 12.81383 13.0084 13.0084 13.0084 13.0084 13.0084 13.20184 13.20184 13.20184 13.20184 13.20184 13.3887
11.19266 11.32679 11.32679 11.32679 11.32679 11.32679 11.46613 11.46613 11.46613 11.46613 11.46613 11.61096 11.61096 11.61096 11.61096 11.61096 11.76179 11.76179 11.76179 11.76179 11.76179 11.91926 11.91926 11.91926 11.91926 11.91926 12.08391 12.08391 12.08391 12.08391 12.08391 12.25606 12.25606 12.25606 12.25606 12.25606 12.43565 12.43565 12.43565 12.43565 12.43565 12.62206 12.62206 12.62206 12.62206 12.62206 12.62206 12.81383 12.81383 12.81383 12.81383 12.81383 13.0084 13.0084 13.0084 13.0084 13.0084 13.20184 13.20184 13.20184 13.20184 13.20184 13.3887
11.19009 11.34379 11.34379 11.34379 11.34379 11.34379 11.50078 11.50078 11.50078 11.50078 11.50078 11.66155 11.66155 11.66155 11.66155 11.66155 11.827 11.827 11.827 11.827 11.827 11.99817 11.99817 11.99817 11.99817 11.99817 12.17604 12.17604 12.17604 12.17604 12.17604 12.36142 12.36142 12.36142 12.36142 12.36142 12.55472 12.55472 12.55472 12.55472 12.55472 12.75574 12.75574 12.75574 12.75574 12.75574 12.75574 12.96338 12.96338 12.96338 12.96338 12.96338 13.17524 13.17524 13.17524 13.17524 13.17524 13.38728 13.38728 13.38728 13.38728 13.38728 13.59345
11.19009 11.34379 11.34379 11.34379 11.34379 11.34379 11.50078 11.50078 11.50078 11.50078 11.50078 11.66155 11.66155 11.66155 11.66155 11.66155 11.827 11.827 11.827 11.827 11.827 11.99817 11.99817 11.99817 11.99817 11.99817 12.17604 12.17604 12.17604 12.17604 12.17604 12.36142 12.36142 12.36142 12.36142 12.36142 12.55472 12.55472 12.55472 12.55472 12.55472 12.75574 12.75574 12.75574 12.75574 12.75574 12.75574 12.96338 12.96338 12.96338 12.96338 12.96338 13.17524 13.17524 13.17524 13.17524 13.17524 13.38728 13.38728 13.38728 13.38728 13.38728 13.59345
11.19009 11.34379 11.34379 11.34379 11.34379 11.34379 11.50078 11.50078 11.50078 11.50078 11.50078 11.66155 11.66155 11.66155 11.66155 11.66155 11.827 11.827 11.827 11.827 11.827 11.99817 11.99817 11.99817 11.99817 11.99817 12.17604 12.17604 12.17604 12.17604 12.17604 12.36142 12.36142 12.36142 12.36142 12.36142 12.55472 12.55472 12.55472 12.55472 12.55472 12.75574 12.75574 12.75574 12.75574 12.75574 12.75574 12.96338 12.96338 12.96338 12.96338 12.96338 13.17524 13.17524 13.17524 13.17524 13.17524 13.38728 13.38728 13.38728 13.38728 13.38728 13.59345
11.19009 11.34379 11.34379 11.34379 11.34379 11.34379 11.50078 11.50078 11.50078 11.50078 11.50078 11.66155 11.66155 11.66155 11.66155 11.66155 11.827 11.827 11.827 11.827 11.827 11.99817 11.99817 11.99817 11.99817 11.99817 12.17604 12.17604 12.17604 12.17604 12.17604 12.36142 12.36142 12.36142 12.36142 12.36142 12.55472 12.55472 12.55472 12.55472 12.55472 12.75574 12.75574 12.75574 12.75574 12.75574 12.75574 12.96338 12.96338 12.96338 12.96338 12.96338 13.17524 13.17524 13.17524 13.17524 13.17524 13.38728 13.38728 13.38728 13.38728 13.38728 13.59345
11.19009 11.34379 11.34379 11.34379 11.34379 11.34379 11.50078 11.50078 11.50078 11.50078 11.50078 11.66155 11.66155 11.66155 11.66155 11.66155 11.827 11.827 11.827 11.827 11.827 11.99817 11.99817 11.99817 11.99817 11.99817 12.17604 12.17604 12.17604 12.17604 12.17604 12.36142 12.36142 12.36142 12.36142 12.36142 12.55472 12.55472 12.55472 12.55472 12.55472 12.75574 12.75574 12.75574 12.75574 12.75574 12.75574 12.96338 12.96338 12.96338 12.96338 12.96338 13.17524 13.17524 13.17524 13.17524 13.17524 13.38728 13.38728 13.38728 13.38728 13.38728 13.59345
11.18373 11.35661 11.35661 11.35661 11.35661 11.35661 11.5308 11.5308 11.5308 11.5308 11.5308 11.70705 11.70705 11.70705 11.70705 11.70705 11.88658 11.88658 11.88658 11.88658 11.88658 12.07081 12.07081 12.07081 12.07081 12.07081 12.26114 12.26114 12.26114 12.26114 12.26114 12.45879 12.45879 12.45879 12.45879 12.45879 12.66466 12.66466 12.66466 12.66466 12.66466 12.879 12.879 12.879 12.879 12.879 12.879 13.10112 13.10112 13.10112 13.10112 13.10112 13.3289 13.3289 13.3289 13.3289 13.3289 13.55826 13.55826 13.55826 13.55826 13.55826 13.78273
11.18373 11.35661 11.35661 11.35661 11.35661 11.35661 11.5308 11.5308 11.5308 11.5308 11.5308 11.70705 11.70705 11.70705 11.70705 11.70705 11.88658 11.88658 11.88658 11.88658 11.88658 12.07081 12.07081 12.07081 12.07081 12.07081 12.26114 12.26114 12.26114 12.26114 12.26114 12.45879 12.45879 12.45879 12.45879 12.45879 12.66466 12.66466 12.66466 12.66466 12.66466 12.879 12.879 12.879 12.879 12.879 12.879 13.10112 13.10112 13.10112 13.10112 13.10112 13.3289 13.3289 13.3289 13.3289 13.3289 13.55826 13.55826 13.55826 13.55826 13.55826 13.78273
11.18373 11.35661 11.35661 11.35661 11.35661 11.35661 11.5308 11.5308 11.5308 11.5308 11.5308 11.70705 11.70705 11.70705 11.70705 11.70705 11.88658 11.88658 11.88658 11.88658 11.88658 12.07081 12.07081 12.07081 12.07081 12.07081 12.26114 12.26114 12.26114 12.26114 12.26114 12.45879 12.45879 12.45879 12.45879 12.45879 12.66466 12.66466 12.66466 12.66466 12.66466 12.879 12.879 12.879 12.879 12.879 12.879 13.10112 13.10112 13.10112 13.10112 13.10112 13.3289 13.3289 13.3289 13.3289 13.3289 13.55826 13.55826 13.55826 13.55826 13.55826 13.78273
11.18373 11.35661 11.35661 11.35661 11.35661 11.35661 11.5308 11.5308 11.5308 11.5308 11.5308 11.70705 11.70705 11.70705 11.70705 11.70705 11.88658 11.88658 11.88658 11.88658 11.88658 12.07081 12.07081 12.07081 12.07081 12.07081 12.26114 12.26114 12.26114 12.26114 12.26114 12.45879 12.45879 12.45879 12.45879 12.45879 12.66466 12.66466 12.66466 12.66466 12.66466 12.879 12.879 12.879 12.879 12.879 12.879 13.10112 13.10112 13.10112 13.10112 13.10112 13.3289 13.3289 13.3289 13.3289 13.3289 13.55826 13.55826 13.55826 13.55826 13.55826 13.78273
11.18373 11.35661 11.35661 11.35661 11.35661 11.35661 11.5308 11.5308 11.5308 11.5308 11.5308 11.70705 11.70705 11.70705 11.70705 11.70705 11.88658 11.88658 11.88658 11.88658 11.88658 12.07081 12.07081 12.07081 12.07081 12.07081 12.26114 12.26114 12.26114 12.26114 12.26114 12.45879 12.45879 12.45879 12.45879 12.45879 12.66466 12.66466 12.66466 12.66466 12.66466 12.879 12.879 12.879 12.879 12.879 12.879 13.10112 13.10112 13.10112 13.10112 13.10112 13.3289 13.3289 13.3289 13.3289 13.3289 13.55826 13.55826 13.55826 13.55826 13.55826 13.78273
11.18373 11.35661 11.35661 11.35661 11.35661 11.35661 11.5308 11.5308 11.5308 11.5308 11.5308 11.70705 11.70705 11.70705 11.70705 11.70705 11.88658 11.88658 11.88658 11.88658 11.88658 12.07081 12.07081 12.07081 12.07081 12.07081 12.26114 12.26114 12.26114 12.26114 12.26114 12.45879 12.45879 12.45879 12.45879 12.45879 12.66466 12.66466 12.66466 12.66466 12.66466 12.879 12.879 12.879 12.879 12.879 12.879 13.10112 13.10112 13.10112 13.10112 13.10112 13.3289 13.3289 13.3289 13.3289 13.3289 13.55826 13.55826 13.55826 13.55826 13.55826 13.78273
11.18062 11.37077 11.37077 11.37077 11.37077 11.37077 11.56046 11.56046 11.56046 11.56046 11.56046 11.75066 11.75066 11.75066 11.75066 11.75066 11.94282 11.94282 11.94282 11.94282 11.94282 12.13864 12.13864 12.13864 12.13864 12.13864 12.33982 12.33982 12.33982 12.33982 12.33982 12.54795 12.54795 12.54795 12.54795 12.54795 12.7643 12.7643 12.7643 12.7643 12.7643 12.98957 12.98957 12.98957 12.98957 12.98957 12.98957 13.22348 13.22348 13.22348 13.22348 13.22348 13.46425 13.46425 13.46425 13.46425 13.46425 13.70794 13.70794 13.70794 13.70794 13.70794 13.94782
11.18062 11.37077 11.37077 11.37077 11.37077 11.37077 11.56046 11.56046 11.56046 11.56046 11.56046 11.75066 11.75066 11.75066 11.75066 11.75066 11.94282 11.94282 11.94282 11.94282 11.94282 12.13864 12.13864 12.13864 12.13864 12.13864 12.33982 12.33982 12.33982 12.33982 12.33982 12.54795 12.54795 12.54795 12.54795 12.54795 12.7643 12.7643 12.7643 12.7643 12.7643 12.98957 12.98957 12.98957 12.98957 12.98957 12.98957 13.22348 13.22348 13.22348 13.22348 13.22348 13.46425 13.46425 13.46425 13.46425 13.46425 13.70794 13.70794 13.70794 13.70794 13.70794 13.94782
11.18062 11.37077 11.37077 11.37077 11.37077 11.37077 11.56046 11.56046 11.56046 11.56046 11.56046 11.75066 11.75066 11.75066 11.75066 11.75066 11.94282 11.94282 11.94282 11.94282 11.94282 12.13864 12.13864 12.13864 12.13864 12.13864 12.33982 12.33982 12.33982 12.33982 12.33982 12.54795 12.54795 12.54795 12.54795 12.54795 12.7643 12.7643 12.7643 12.7643 12.7643 12.98957 12.98957 12.98957 12.98957 12.98957 12.98957 13.22348 13.22348 13.22348 13.22348 13.22348 13.46425 13.46425 13.46425 13.46425 13.46425 13.70794 13.70794 13.70794 13.70794 13.70794 13.94782
11.18062 11.37077 11.37077 11.37077 11.37077 11.37077 11.56046 11.56046 11.56046 11.56046 11.56046 11.75066 11.75066 11.75066 11.75066 11.75066 11.94282 11.94282 11.94282 11.94282 11.94282 12.13864 12.13864 12.13864 12.13864 12.13864 12.33982 12.33982 12.33982 12.33982 12.33982 12.54795 12.54795 12.54795 12.54795 12.54795 12.7643 12.7643 12.7643 12.7643 12.7643 12.98957 12.98957 12.98957 12.98957 12.98957 12.98957 13.22348 13.22348 13.22348 13.22348 13.22348 13.46425 13.46425 13.46425 13.46425 13.46425 13.70794 13.70794 13.70794 13.70794 13.70794 13.94782
11.18062 11.37077 11.37077 11.37077 11.37077 11.37077 11.56046 11.56046 11.56046 11.56046 11.56046 11.75066 11.75066 11.75066 11.75066 11.75066 11.94282 11.94282 11.94282 11.94282 11.94282 12.13864 12.13864 12.13864 12.13864 12.13864 12.33982 12.33982 12.33982 12.33982 12.33982 12.54795 12.54795 12.54795 12.54795 12.54795 12.7643 12.7643 12.7643 12.7643 12.7643 12.98957 12.98957 12.98957 12.98957 12.98957 12.98957 13.22348 13.22348 13.22348 13.22348 13.22348 13.46425 13.46425 13.46425 13.46425 13.46425 13.70794 13.70794 13.70794 13.70794 13.70794 13.94782
