static/19h.asc
ncols         194
nrows         127
xllcorner     -8261.1535664257
yllcorner     3014704.9561718
cellsize      29.112647571873
NODATA_value  -9999
[rows 0 to 27 of 127, columns 0 to 62 of 194]
8.916113 9.088705 9.088705 9.088705 9.088705 9.088705 9.280303 9.280303 9.280303 9.280303 9.280303 9.476576 9.476576 9.476576 9.476576 9.476576 9.667552 9.667552 9.667552 9.667552 9.667552 9.847348 9.847348 9.847348 9.847348 9.847348 10.01318 10.01318 10.01318 10.01318 10.01318 10.16426 10.16426 10.16426 10.16426 10.16426 10.30094 10.30094 10.30094 10.30094 10.30094 10.30094 10.42408 10.42408 10.42408 10.42408 10.42408 10.5347 10.5347 10.5347 10.5347 10.5347 10.63378 10.63378 10.63378 10.63378 10.63378 10.72217 10.72217 10.72217 10.72217 10.72217 10.8006
8.916113 9.088705 9.088705 9.088705 9.088705 9.088705 9.280303 9.280303 9.280303 9.280303 9.280303 9.476576 9.476576 9.476576 9.476576 9.476576 9.667552 9.667552 9.667552 9.667552 9.667552 9.847348 9.847348 9.847348 9.847348 9.847348 10.01318 10.01318 10.01318 10.01318 10.01318 10.16426 10.16426 10.16426 10.16426 10.16426 10.30094 10.30094 10.30094 10.30094 10.30094 10.30094 10.42408 10.42408 10.42408 10.42408 10.42408 10.5347 10.5347 10.5347 10.5347 10.5347 10.63378 10.63378 10.63378 10.63378 10.63378 10.72217 10.72217 10.72217 10.72217 10.72217 10.8006
8.916113 9.088705 9.088705 9.088705 9.088705 9.088705 9.280303 9.280303 9.280303 9.280303 9.280303 9.476576 9.476576 9.476576 9.476576 9.476576 9.667552 9.667552 9.667552 9.667552 9.667552 9.847348 9.847348 9.847348 9.847348 9.847348 10.01318 10.01318 10.01318 10.01318 10.01318 10.16426 10.16426 10.16426 10.16426 10.16426 10.30094 10.30094 10.30094 10.30094 10.30094 10.30094 10.42408 10.42408 10.42408 10.42408 10.42408 10.5347 10.5347 10.5347 10.5347 10.5347 10.63378 10.63378 10.63378 10.63378 10.63378 10.72217 10.72217 10.72217 10.72217 10.72217 10.8006
8.916113 9.088705 9.088705 9.088705 9.088705 9.088705 9.280303 9.280303 9.280303 9.280303 9.280303 9.476576 9.476576 9.476576 9.476576 9.476576 9.667552 9.667552 9.667552 9.667552 9.667552 9.847348 9.847348 9.847348 9.847348 9.847348 10.01318 10.01318 10.01318 10.01318 10.01318 10.16426 10.16426 10.16426 10.16426 10.16426 10.30094 10.30094 10.30094 10.30094 10.30094 10.30094 10.42408 10.42408 10.42408 10.42408 10.42408 10.5347 10.5347 10.5347 10.5347 10.5347 10.63378 10.63378 10.63378 10.63378 10.63378 10.72217 10.72217 10.72217 10.72217 10.72217 10.8006
9.03966 9.203046 9.203046 9.203046 9.203046 9.203046 9.386079 9.386079 9.386079 9.386079 9.386079 9.575335 9.575335 9.575335 9.575335 9.575335 9.761156 9.761156 9.761156 9.761156 9.761156 9.93755 9.93755 9.93755 9.93755 9.93755 10.1014 10.1014 10.1014 10.1014 10.1014 10.25152 10.25152 10.25152 10.25152 10.25152 10.3879 10.3879 10.3879 10.3879 10.3879 10.3879 10.51109 10.51109 10.51109 10.51109 10.51109 10.62185 10.62185 10.62185 10.62185 10.62185 10.72102 10.72102 10.72102 10.72102 10.72102 10.80931 10.80931 10.80931 10.80931 10.80931 10.88739
9.03966 9.203046 9.203046 9.203046 9.203046 9.203046 9.386079 9.386079 9.386079 9.386079 9.386079 9.575335 9.575335 9.575335 9.575335 9.575335 9.761156 9.761156 9.761156 9.761156 9.761156 9.93755 9.93755 9.93755 9.93755 9.93755 10.1014 10.1014 10.1014 10.1014 10.1014 10.25152 10.25152 10.25152 10.25152 10.25152 10.3879 10.3879 10.3879 10.3879 10.3879 10.3879 10.51109 10.51109 10.51109 10.51109 10.51109 10.62185 10.62185 10.62185 10.62185 10.62185 10.72102 10.72102 10.72102 10.72102 10.72102 10.80931 10.80931 10.80931 10.80931 10.80931 10.88739
9.03966 9.203046 9.203046 9.203046 9.203046 9.203046 9.386079 9.386079 9.386079 9.386079 9.386079 9.575335 9.575335 9.575335 9.575335 9.575335 9.761156 9.761156 9.761156 9.761156 9.761156 9.93755 9.93755 9.93755 9.93755 9.93755 10.1014 10.1014 10.1014 10.1014 10.1014 10.25152 10.25152 10.25152 10.25152 10.25152 10.3879 10.3879 10.3879 10.3879 10.3879 10.3879 10.51109 10.51109 10.51109 10.51109 10.51109 10.62185 10.62185 10.62185 10.62185 10.62185 10.72102 10.72102 10.72102 10.72102 10.72102 10.80931 10.80931 10.80931 10.80931 10.80931 10.88739
9.03966 9.203046 9.203046 9.203046 9.203046 9.203046 9.386079 9.386079 9.386079 9.386079 9.386079 9.575335 9.575335 9.575335 9.575335 9.575335 9.761156 9.761156 9.761156 9.761156 9.761156 9.93755 9.93755 9.93755 9.93755 9.93755 10.1014 10.1014 10.1014 10.1014 10.1014 10.25152 10.25152 10.25152 10.25152 10.25152 10.3879 10.3879 10.3879 10.3879 10.3879 10.3879 10.51109 10.51109 10.51109 10.51109 10.51109 10.62185 10.62185 10.62185 10.62185 10.62185 10.72102 10.72102 10.72102 10.72102 10.72102 10.80931 10.80931 10.80931 10.80931 10.80931 10.88739
9.03966 9.203046 9.203046 9.203046 9.203046 9.203046 9.386079 9.386079 9.386079 9.386079 9.386079 9.575335 9.575335 9.575335 9.575335 9.575335 9.761156 9.761156 9.761156 9.761156 9.761156 9.93755 9.93755 9.93755 9.93755 9.93755 10.1014 10.1014 10.1014 10.1014 10.1014 10.25152 10.25152 10.25152 10.25152 10.25152 10.3879 10.3879 10.3879 10.3879 10.3879 10.3879 10.51109 10.51109 10.51109 10.51109 10.51109 10.62185 10.62185 10.62185 10.62185 10.62185 10.72102 10.72102 10.72102 10.72102 10.72102 10.80931 10.80931 10.80931 10.80931 10.80931 10.88739
9.03966 9.203046 9.203046 9.203046 9.203046 9.203046 9.386079 9.386079 9.386079 9.386079 9.386079 9.575335 9.575335 9.575335 9.575335 9.575335 9.761156 9.761156 9.761156 9.761156 9.761156 9.93755 9.93755 9.93755 9.93755 9.93755 10.1014 10.1014 10.1014 10.1014 10.1014 10.25152 10.25152 10.25152 10.25152 10.25152 10.3879 10.3879 10.3879 10.3879 10.3879 10.3879 10.51109 10.51109 10.51109 10.51109 10.51109 10.62185 10.62185 10.62185 10.62185 10.62185 10.72102 10.72102 10.72102 10.72102 10.72102 10.80931 10.80931 10.80931 10.80931 10.80931 10.88739
9.211551 9.360211 9.360211 9.360211 9.360211 9.360211 9.52878 9.52878 9.52878 9.52878 9.52878 9.70528 9.70528 9.70528 9.70528 9.70528 9.880749 9.880749 9.880749 9.880749 9.880749 10.04929 10.04929 10.04929 10.04929 10.04929 10.20754 10.20754 10.20754 10.20754 10.20754 10.35391 10.35391 10.35391 10.35391 10.35391 10.48793 10.48793 10.48793 10.48793 10.48793 10.48793 10.60976 10.60976 10.60976 10.60976 10.60976 10.71983 10.71983 10.71983 10.71983 10.71983 10.8187 10.8187 10.8187 10.8187 10.8187 10.90689 10.90689 10.90689 10.90689 10.90689 10.98491
9.211551 9.360211 9.360211 9.360211 9.360211 9.360211 9.52878 9.52878 9.52878 9.52878 9.52878 9.70528 9.70528 9.70528 9.70528 9.70528 9.880749 9.880749 9.880749 9.880749 9.880749 10.04929 10.04929 10.04929 10.04929 10.04929 10.20754 10.20754 10.20754 10.20754 10.20754 10.35391 10.35391 10.35391 10.35391 10.35391 10.48793 10.48793 10.48793 10.48793 10.48793 10.48793 10.60976 10.60976 10.60976 10.60976 10.60976 10.71983 10.71983 10.71983 10.71983 10.71983 10.8187 10.8187 10.8187 10.8187 10.8187 10.90689 10.90689 10.90689 10.90689 10.90689 10.98491
9.211551 9.360211 9.360211 9.360211 9.360211 9.360211 9.52878 9.52878 9.52878 9.52878 9.52878 9.70528 9.70528 9.70528 9.70528 9.70528 9.880749 9.880749 9.880749 9.880749 9.880749 10.04929 10.04929 10.04929 10.04929 10.04929 10.20754 10.20754 10.20754 10.20754 10.20754 10.35391 10.35391 10.35391 10.35391 10.35391 10.48793 10.48793 10.48793 10.48793 10.48793 10.48793 10.60976 10.60976 10.60976 10.60976 10.60976 10.71983 10.71983 10.71983 10.71983 10.71983 10.8187 10.8187 10.8187 10.8187 10.8187 10.90689 10.90689 10.90689 10.90689 10.90689 10.98491
9.211551 9.360211 9.360211 9.360211 9.360211 9.360211 9.52878 9.52878 9.52878 9.52878 9.52878 9.70528 9.70528 9.70528 9.70528 9.70528 9.880749 9.880749 9.880749 9.880749 9.880749 10.04929 10.04929 10.04929 10.04929 10.04929 10.20754 10.20754 10.20754 10.20754 10.20754 10.35391 10.35391 10.35391 10.35391 10.35391 10.48793 10.48793 10.48793 10.48793 10.48793 10.48793 10.60976 10.60976 10.60976 10.60976 10.60976 10.71983 10.71983 10.71983 10.71983 10.71983 10.8187 10.8187 10.8187 10.8187 10.8187 10.90689 10.90689 10.90689 10.90689 10.90689 10.98491
9.211551 9.360211 9.360211 9.360211 9.360211 9.360211 9.52878 9.52878 9.52878 9.52878 9.52878 9.70528 9.70528 9.70528 9.70528 9.70528 9.880749 9.880749 9.880749 9.880749 9.880749 10.04929 10.04929 10.04929 10.04929 10.04929 10.20754 10.20754 10.20754 10.20754 10.20754 10.35391 10.35391 10.35391 10.35391 10.35391 10.48793 10.48793 10.48793 10.48793 10.48793 10.48793 10.60976 10.60976 10.60976 10.60976 10.60976 10.71983 10.71983 10.71983 10.71983 10.71983 10.8187 10.8187 10.8187 10.8187 10.8187 10.90689 10.90689 10.90689 10.90689 10.90689 10.98491
9.418423 9.549378 9.549378 9.549378 9.549378 9.549378 9.700068 9.700068 9.700068 9.700068 9.700068 9.860269 9.860269 9.860269 9.860269 9.860269 10.02198 10.02198 10.02198 10.02198 10.02198 10.17963 10.17963 10.17963 10.17963 10.17963 10.32971 10.32971 10.32971 10.32971 10.32971 10.47028 10.47028 10.47028 10.47028 10.47028 10.60042 10.60042 10.60042 10.60042 10.60042 10.60042 10.71985 10.71985 10.71985 10.71985 10.71985 10.82864 10.82864 10.82864 10.82864 10.82864 10.92698 10.92698 10.92698 10.92698 10.92698 11.01514 11.01514 11.01514 11.01514 11.01514 11.09342
9.418423 9.549378 9.549378 9.549378 9.549378 9.549378 9.700068 9.700068 9.700068 9.700068 9.700068 9.860269 9.860269 9.860269 9.860269 9.860269 10.02198 10.02198 10.02198 10.02198 10.02198 10.17963 10.17963 10.17963 10.17963 10.17963 10.32971 10.32971 10.32971 10.32971 10.32971 10.47028 10.47028 10.47028 10.47028 10.47028 10.60042 10.60042 10.60042 10.60042 10.60042 10.60042 10.71985 10.71985 10.71985 10.71985 10.71985 10.82864 10.82864 10.82864 10.82864 10.82864 10.92698 10.92698 10.92698 10.92698 10.92698 11.01514 11.01514 11.01514 11.01514 11.01514 11.09342
9.418423 9.549378 9.549378 9.549378 9.549378 9.549378 9.700068 9.700068 9.700068 9.700068 9.700068 9.860269 9.860269 9.860269 9.860269 9.860269 10.02198 10.02198 10.02198 10.02198 10.02198 10.17963 10.17963 10.17963 10.17963 10.17963 10.32971 10.32971 10.32971 10.32971 10.32971 10.47028 10.47028 10.47028 10.47028 10.47028 10.60042 10.60042 10.60042 10.60042 10.60042 10.60042 10.71985 10.71985 10.71985 10.71985 10.71985 10.82864 10.82864 10.82864 10.82864 10.82864 10.92698 10.92698 10.92698 10.92698 10.92698 11.01514 11.01514 11.01514 11.01514 11.01514 11.09342
9.418423 9.549378 9.549378 9.549378 9.549378 9.549378 9.700068 9.700068 9.700068 9.700068 9.700068 9.860269 9.860269 9.860269 9.860269 9.860269 10.02198 10.02198 10.02198 10.02198 10.02198 10.17963 10.17963 10.17963 10.17963 10.17963 10.32971 10.32971 10.32971 10.32971 10.32971 10.47028 10.47028 10.47028 10.47028 10.47028 10.60042 10.60042 10.60042 10.60042 10.60042 10.60042 10.71985 10.71985 10.71985 10.71985 10.71985 10.82864 10.82864 10.82864 10.82864 10.82864 10.92698 10.92698 10.92698 10.92698 10.92698 11.01514 11.01514 11.01514 11.01514 11.01514 11.09342
9.418423 9.549378 9.549378 9.549378 9.549378 9.549378 9.700068 9.700068 9.700068 9.700068 9.700068 9.860269 9.860269 9.860269 9.860269 9.860269 10.02198 10.02198 10.02198 10.02198 10.02198 10.17963 10.17963 10.17963 10.17963 10.17963 10.32971 10.32971 10.32971 10.32971 10.32971 10.47028 10.47028 10.47028 10.47028 10.47028 10.60042 10.60042 10.60042 10.60042 10.60042 10.60042 10.71985 10.71985 10.71985 10.71985 10.71985 10.82864 10.82864 10.82864 10.82864 10.82864 10.92698 10.92698 10.92698 10.92698 10.92698 11.01514 11.01514 11.01514 11.01514 11.01514 11.09342
9.418423 9.549378 9.549378 9.549378 9.549378 9.549378 9.700068 9.700068 9.700068 9.700068 9.700068 9.860269 9.860269 9.860269 9.860269 9.860269 10.02198 10.02198 10.02198 10.02198 10.02198 10.17963 10.17963 10.17963 10.17963 10.17963 10.32971 10.32971 10.32971 10.32971 10.32971 10.47028 10.47028 10.47028 10.47028 10.47028 10.60042 10.60042 10.60042 10.60042 10.60042 10.60042 10.71985 10.71985 10.71985 10.71985 10.71985 10.82864 10.82864 10.82864 10.82864 10.82864 10.92698 10.92698 10.92698 10.92698 10.92698 11.01514 11.01514 11.01514 11.01514 11.01514 11.09342
9.645555 9.75825 9.75825 9.75825 9.75825 9.75825 9.890094 9.890094 9.890094 9.890094 9.890094 10.0327 10.0327 10.0327 10.0327 10.0327 10.17919 10.17919 10.17919 10.17919 10.17919 10.32446 10.32446 10.32446 10.32446 10.32446 10.46501 10.46501 10.46501 10.46501 10.46501 10.59866 10.59866 10.59866 10.59866 10.59866 10.72409 10.72409 10.72409 10.72409 10.72409 10.72409 10.84061 10.84061 10.84061 10.84061 10.84061 10.94786 10.94786 10.94786 10.94786 10.94786 11.04569 11.04569 11.04569 11.04569 11.04569 11.13406 11.13406 11.13406 11.13406 11.13406 11.21298
9.645555 9.75825 9.75825 9.75825 9.75825 9.75825 9.890094 9.890094 9.890094 9.890094 9.890094 10.0327 10.0327 10.0327 10.0327 10.0327 10.17919 10.17919 10.17919 10.17919 10.17919 10.32446 10.32446 10.32446 10.32446 10.32446 10.46501 10.46501 10.46501 10.46501 10.46501 10.59866 10.59866 10.59866 10.59866 10.59866 10.72409 10.72409 10.72409 10.72409 10.72409 10.72409 10.84061 10.84061 10.84061 10.84061 10.84061 10.94786 10.94786 10.94786 10.94786 10.94786 11.04569 11.04569 11.04569 11.04569 11.04569 11.13406 11.13406 11.13406 11.13406 11.13406 11.21298
9.645555 9.75825 9.75825 9.75825 9.75825 9.75825 9.890094 9.890094 9.890094 9.890094 9.890094 10.0327 10.0327 10.0327 10.0327 10.0327 10.17919 10.17919 10.17919 10.17919 10.17919 10.32446 10.32446 10.32446 10.32446 10.32446 10.46501 10.46501 10.46501 10.46501 10.46501 10.59866 10.59866 10.59866 10.59866 10.59866 10.72409 10.72409 10.72409 10.72409 10.72409 10.72409 10.84061 10.84061 10.84061 10.84061 10.84061 10.94786 10.94786 10.94786 10.94786 10.94786 11.04569 11.04569 11.04569 11.04569 11.04569 11.13406 11.13406 11.13406 11.13406 11.13406 11.21298
9.645555 9.75825 9.75825 9.75825 9.75825 9.75825 9.890094 9.890094 9.890094 9.890094 9.890094 10.0327 10.0327 10.0327 10.0327 10.0327 10.17919 10.17919 10.17919 10.17919 10.17919 10.32446 10.32446 10.32446 10.32446 10.32446 10.46501 10.46501 10.46501 10.46501 10.46501 10.59866 10.59866 10.59866 10.59866 10.59866 10.72409 10.72409 10.72409 10.72409 10.72409 10.72409 10.84061 10.84061 10.84061 10.84061 10.84061 10.94786 10.94786 10.94786 10.94786 10.94786 11.04569 11.04569 11.04569 11.04569 11.04569 11.13406 11.13406 11.13406 11.13406 11.13406 11.21298
9.645555 9.75825 9.75825 9.75825 9.75825 9.75825 9.890094 9.890094 9.890094 9.890094 9.890094 10.0327 10.0327 10.0327 10.0327 10.0327 10.17919 10.17919 10.17919 10.17919 10.17919 10.32446 10.32446 10.32446 10.32446 10.32446 10.46501 10.46501 10.46501 10.46501 10.46501 10.59866 10.59866 10.59866 10.59866 10.59866 10.72409 10.72409 10.72409 10.72409 10.72409 10.72409 10.84061 10.84061 10.84061 10.84061 10.84061 10.94786 10.94786 10.94786 10.94786 10.94786 11.04569 11.04569 11.04569 11.04569 11.04569 11.13406 11.13406 11.13406 11.13406 11.13406 11.21298
9.645555 9.75825 9.75825 9.75825 9.75825 9.75825 9.890094 9.890094 9.890094 9.890094 9.890094 10.0327 10.0327 10.0327 10.0327 10.0327 10.17919 10.17919 10.17919 10.17919 10.17919 10.32446 10.32446 10.32446 10.32446 10.32446 10.46501 10.46501 10.46501 10.46501 10.46501 10.59866 10.59866 10.59866 10.59866 10.59866 10.72409 10.72409 10.72409 10.72409 10.72409 10.72409 10.84061 10.84061 10.84061 10.84061 10.84061 10.94786 10.94786 10.94786 10.94786 10.94786 11.04569 11.04569 11.04569 11.04569 11.04569 11.13406 11.13406 11.13406 11.13406 11.13406 11.21298
9.879232 9.975031 9.975031 9.975031 9.975031 9.975031 10.08908 10.08908 10.08908 10.08908 10.08908 10.21472 10.21472 10.21472 10.21472 10.21472 10.34625 10.34625 10.34625 10.34625 10.34625 10.47913 10.47913 10.47913 10.47913 10.47913 10.61002 10.61002 10.61002 10.61002 10.61002 10.73658 10.73658 10.73658 10.73658 10.73658 10.85722 10.85722 10.85722 10.85722 10.85722 10.85722 10.97086 10.97086 10.97086 10.97086 10.97086 11.07676 11.07676 11.07676 11.07676 11.07676 11.1744 11.1744 11.1744 11.1744 11.1744 11.26341 11.26341 11.26341 11.26341 11.26341 11.34351
