static/19h.asc
ncols         194
nrows         127
xllcorner     -8261.1535664257
yllcorner     3014704.9561718
cellsize      29.112647571873
NODATA_value  -9999
[rows 56 to 83 of 127, columns 126 to 188 of 194]
12.45991 12.45991 12.43614 12.43614 12.43614 12.43614 12.43614 12.4146 12.4146 12.4146 12.4146 12.4146 12.39721 12.39721 12.39721 12.39721 12.39721 12.38554 12.38554 12.38554 12.38554 12.38554 12.3808 12.3808 12.3808 12.3808 12.3808 12.38373 12.38373 12.38373 12.38373 12.38373 12.39458 12.39458 12.39458 12.39458 12.39458 12.413 12.413 12.413 12.413 12.413 12.413 12.43798 12.43798 12.43798 12.43798 12.43798 12.46777 12.46777 12.46777 12.46777 12.46777 12.49985 12.49985 12.49985 12.49985 12.49985 12.53094 12.53094 12.53094 12.53094 12.53094
12.45991 12.45991 12.43614 12.43614 12.43614 12.43614 12.43614 12.4146 12.4146 12.4146 12.4146 12.4146 12.39721 12.39721 12.39721 12.39721 12.39721 12.38554 12.38554 12.38554 12.38554 12.38554 12.3808 12.3808 12.3808 12.3808 12.3808 12.38373 12.38373 12.38373 12.38373 12.38373 12.39458 12.39458 12.39458 12.39458 12.39458 12.413 12.413 12.413 12.413 12.413 12.413 12.43798 12.43798 12.43798 12.43798 12.43798 12.46777 12.46777 12.46777 12.46777 12.46777 12.49985 12.49985 12.49985 12.49985 12.49985 12.53094 12.53094 12.53094 12.53094 12.53094
12.45991 12.45991 12.43614 12.43614 12.43614 12.43614 12.43614 12.4146 12.4146 12.4146 12.4146 12.4146 12.39721 12.39721 12.39721 12.39721 12.39721 12.38554 12.38554 12.38554 12.38554 12.38554 12.3808 12.3808 12.3808 12.3808 12.3808 12.38373 12.38373 12.38373 12.38373 12.38373 12.39458 12.39458 12.39458 12.39458 12.39458 12.413 12.413 12.413 12.413 12.413 12.413 12.43798 12.43798 12.43798 12.43798 12.43798 12.46777 12.46777 12.46777 12.46777 12.46777 12.49985 12.49985 12.49985 12.49985 12.49985 12.53094 12.53094 12.53094 12.53094 12.53094
12.45991 12.45991 12.43614 12.43614 12.43614 12.43614 12.43614 12.4146 12.4146 12.4146 12.4146 12.4146 12.39721 12.39721 12.39721 12.39721 12.39721 12.38554 12.38554 12.38554 12.38554 12.38554 12.3808 12.3808 12.3808 12.3808 12.3808 12.38373 12.38373 12.38373 12.38373 12.38373 12.39458 12.39458 12.39458 12.39458 12.39458 12.413 12.413 12.413 12.413 12.413 12.413 12.43798 12.43798 12.43798 12.43798 12.43798 12.46777 12.46777 12.46777 12.46777 12.46777 12.49985 12.49985 12.49985 12.49985 12.49985 12.53094 12.53094 12.53094 12.53094 12.53094
12.45991 12.45991 12.43614 12.43614 12.43614 12.43614 12.43614 12.4146 12.4146 12.4146 12.4146 12.4146 12.39721 12.39721 12.39721 12.39721 12.39721 12.38554 12.38554 12.38554 12.38554 12.38554 12.3808 12.3808 12.3808 12.3808 12.3808 12.38373 12.38373 12.38373 12.38373 12.38373 12.39458 12.39458 12.39458 12.39458 12.39458 12.413 12.413 12.413 12.413 12.413 12.413 12.43798 12.43798 12.43798 12.43798 12.43798 12.46777 12.46777 12.46777 12.46777 12.46777 12.49985 12.49985 12.49985 12.49985 12.49985 12.53094 12.53094 12.53094 12.53094 12.53094
12.63472 12.63472 12.60408 12.60408 12.60408 12.60408 12.60408 12.57713 12.57713 12.57713 12.57713 12.57713 12.55621 12.55621 12.55621 12.55621 12.55621 12.54324 12.54324 12.54324 12.54324 12.54324 12.53967 12.53967 12.53967 12.53967 12.53967 12.54646 12.54646 12.54646 12.54646 12.54646 12.56397 12.56397 12.56397 12.56397 12.56397 12.59188 12.59188 12.59188 12.59188 12.59188 12.59188 12.62909 12.62909 12.62909 12.62909 12.62909 12.67358 12.67358 12.67358 12.67358 12.67358 12.72238 12.72238 12.72238 12.72238 12.72238 12.77155 12.77155 12.77155 12.77155 12.77155
12.63472 12.63472 12.60408 12.60408 12.60408 12.60408 12.60408 12.57713 12.57713 12.57713 12.57713 12.57713 12.55621 12.55621 12.55621 12.55621 12.55621 12.54324 12.54324 12.54324 12.54324 12.54324 12.53967 12.53967 12.53967 12.53967 12.53967 12.54646 12.54646 12.54646 12.54646 12.54646 12.56397 12.56397 12.56397 12.56397 12.56397 12.59188 12.59188 12.59188 12.59188 12.59188 12.59188 12.62909 12.62909 12.62909 12.62909 12.62909 12.67358 12.67358 12.67358 12.67358 12.67358 12.72238 12.72238 12.72238 12.72238 12.72238 12.77155 12.77155 12.77155 12.77155 12.77155
12.63472 12.63472 12.60408 12.60408 12.60408 12.60408 12.60408 12.57713 12.57713 12.57713 12.57713 12.57713 12.55621 12.55621 12.55621 12.55621 12.55621 12.54324 12.54324 12.54324 12.54324 12.54324 12.53967 12.53967 12.53967 12.53967 12.53967 12.54646 12.54646 12.54646 12.54646 12.54646 12.56397 12.56397 12.56397 12.56397 12.56397 12.59188 12.59188 12.59188 12.59188 12.59188 12.59188 12.62909 12.62909 12.62909 12.62909 12.62909 12.67358 12.67358 12.67358 12.67358 12.67358 12.72238 12.72238 12.72238 12.72238 12.72238 12.77155 12.77155 12.77155 12.77155 12.77155
12.63472 12.63472 12.60408 12.60408 12.60408 12.60408 12.60408 12.57713 12.57713 12.57713 12.57713 12.57713 12.55621 12.55621 12.55621 12.55621 12.55621 12.54324 12.54324 12.54324 12.54324 12.54324 12.53967 12.53967 12.53967 12.53967 12.53967 12.54646 12.54646 12.54646 12.54646 12.54646 12.56397 12.56397 12.56397 12.56397 12.56397 12.59188 12.59188 12.59188 12.59188 12.59188 12.59188 12.62909 12.62909 12.62909 12.62909 12.62909 12.67358 12.67358 12.67358 12.67358 12.67358 12.72238 12.72238 12.72238 12.72238 12.72238 12.77155 12.77155 12.77155 12.77155 12.77155
12.63472 12.63472 12.60408 12.60408 12.60408 12.60408 12.60408 12.57713 12.57713 12.57713 12.57713 12.57713 12.55621 12.55621 12.55621 12.55621 12.55621 12.54324 12.54324 12.54324 12.54324 12.54324 12.53967 12.53967 12.53967 12.53967 12.53967 12.54646 12.54646 12.54646 12.54646 12.54646 12.56397 12.56397 12.56397 12.56397 12.56397 12.59188 12.59188 12.59188 12.59188 12.59188 12.59188 12.62909 12.62909 12.62909 12.62909 12.62909 12.67358 12.67358 12.67358 12.67358 12.67358 12.72238 12.72238 12.72238 12.72238 12.72238 12.77155 12.77155 12.77155 12.77155 12.77155
12.63472 12.63472 12.60408 12.60408 12.60408 12.60408 12.60408 12.57713 12.57713 12.57713 12.57713 12.57713 12.55621 12.55621 12.55621 12.55621 12.55621 12.54324 12.54324 12.54324 12.54324 12.54324 12.53967 12.53967 12.53967 12.53967 12.53967 12.54646 12.54646 12.54646 12.54646 12.54646 12.56397 12.56397 12.56397 12.56397 12.56397 12.59188 12.59188 12.59188 12.59188 12.59188 12.59188 12.62909 12.62909 12.62909 12.62909 12.62909 12.67358 12.67358 12.67358 12.67358 12.67358 12.72238 12.72238 12.72238 12.72238 12.72238 12.77155 12.77155 12.77155 12.77155 12.77155
12.81149 12.81149 12.77226 12.77226 12.77226 12.77226 12.77226 12.73847 12.73847 12.73847 12.73847 12.73847 12.7129 12.7129 12.7129 12.7129 12.7129 12.6978 12.6978 12.6978 12.6978 12.6978 12.6949 12.6949 12.6949 12.6949 12.6949 12.70538 12.70538 12.70538 12.70538 12.70538 12.72973 12.72973 12.72973 12.72973 12.72973 12.76767 12.76767 12.76767 12.76767 12.76767 12.76767 12.81802 12.81802 12.81802 12.81802 12.81802 12.87848 12.87848 12.87848 12.87848 12.87848 12.94557 12.94557 12.94557 12.94557 12.94557 13.0146 13.0146 13.0146 13.0146 13.0146
12.81149 12.81149 12.77226 12.77226 12.77226 12.77226 12.77226 12.73847 12.73847 12.73847 12.73847 12.73847 12.7129 12.7129 12.7129 12.7129 12.7129 12.6978 12.6978 12.6978 12.6978 12.6978 12.6949 12.6949 12.6949 12.6949 12.6949 12.70538 12.70538 12.70538 12.70538 12.70538 12.72973 12.72973 12.72973 12.72973 12.72973 12.76767 12.76767 12.76767 12.76767 12.76767 12.76767 12.81802 12.81802 12.81802 12.81802 12.81802 12.87848 12.87848 12.87848 12.87848 12.87848 12.94557 12.94557 12.94557 12.94557 12.94557 13.0146 13.0146 13.0146 13.0146 13.0146
12.81149 12.81149 12.77226 12.77226 12.77226 12.77226 12.77226 12.73847 12.73847 12.73847 12.73847 12.73847 12.7129 12.7129 12.7129 12.7129 12.7129 12.6978 12.6978 12.6978 12.6978 12.6978 12.6949 12.6949 12.6949 12.6949 12.6949 12.70538 12.70538 12.70538 12.70538 12.70538 12.72973 12.72973 12.72973 12.72973 12.72973 12.76767 12.76767 12.76767 12.76767 12.76767 12.76767 12.81802 12.81802 12.81802 12.81802 12.81802 12.87848 12.87848 12.87848 12.87848 12.87848 12.94557 12.94557 12.94557 12.94557 12.94557 13.0146 13.0146 13.0146 13.0146 13.0146
12.81149 12.81149 12.77226 12.77226 12.77226 12.77226 12.77226 12.73847 12.73847 12.73847 12.73847 12.73847 12.7129 12.7129 12.7129 12.7129 12.7129 12.6978 12.6978 12.6978 12.6978 12.6978 12.6949 12.6949 12.6949 12.6949 12.6949 12.70538 12.70538 12.70538 12.70538 12.70538 12.72973 12.72973 12.72973 12.72973 12.72973 12.76767 12.76767 12.76767 12.76767 12.76767 12.76767 12.81802 12.81802 12.81802 12.81802 12.81802 12.87848 12.87848 12.87848 12.87848 12.87848 12.94557 12.94557 12.94557 12.94557 12.94557 13.0146 13.0146 13.0146 13.0146 13.0146
12.81149 12.81149 12.77226 12.77226 12.77226 12.77226 12.77226 12.73847 12.73847 12.73847 12.73847 12.73847 12.7129 12.7129 12.7129 12.7129 12.7129 12.6978 12.6978 12.6978 12.6978 12.6978 12.6949 12.6949 12.6949 12.6949 12.6949 12.70538 12.70538 12.70538 12.70538 12.70538 12.72973 12.72973 12.72973 12.72973 12.72973 12.76767 12.76767 12.76767 12.76767 12.76767 12.76767 12.81802 12.81802 12.81802 12.81802 12.81802 12.87848 12.87848 12.87848 12.87848 12.87848 12.94557 12.94557 12.94557 12.94557 12.94557 13.0146 13.0146 13.0146 13.0146 13.0146
12.81149 12.81149 12.77226 12.77226 12.77226 12.77226 12.77226 12.73847 12.73847 12.73847 12.73847 12.73847 12.7129 12.7129 12.7129 12.7129 12.7129 12.6978 12.6978 12.6978 12.6978 12.6978 12.6949 12.6949 12.6949 12.6949 12.6949 12.70538 12.70538 12.70538 12.70538 12.70538 12.72973 12.72973 12.72973 12.72973 12.72973 12.76767 12.76767 12.76767 12.76767 12.76767 12.76767 12.81802 12.81802 12.81802 12.81802 12.81802 12.87848 12.87848 12.87848 12.87848 12.87848 12.94557 12.94557 12.94557 12.94557 12.94557 13.0146 13.0146 13.0146 13.0146 13.0146
12.98845 12.98845 12.93887 12.93887 12.93887 12.93887 12.93887 12.89678 12.89678 12.89678 12.89678 12.89678 12.86539 12.86539 12.86539 12.86539 12.86539 12.8473 12.8473 12.8473 12.8473 12.8473 12.84451 12.84451 12.84451 12.84451 12.84451 12.8584 12.8584 12.8584 12.8584 12.8584 12.88962 12.88962 12.88962 12.88962 12.88962 12.93797 12.93797 12.93797 12.93797 12.93797 12.93797 13.00217 13.00217 13.00217 13.00217 13.00217 13.07965 13.07965 13.07965 13.07965 13.07965 13.1664 13.1664 13.1664 13.1664 13.1664 13.2569 13.2569 13.2569 13.2569 13.2569
12.98845 12.98845 12.93887 12.93887 12.93887 12.93887 12.93887 12.89678 12.89678 12.89678 12.89678 12.89678 12.86539 12.86539 12.86539 12.86539 12.86539 12.8473 12.8473 12.8473 12.8473 12.8473 12.84451 12.84451 12.84451 12.84451 12.84451 12.8584 12.8584 12.8584 12.8584 12.8584 12.88962 12.88962 12.88962 12.88962 12.88962 12.93797 12.93797 12.93797 12.93797 12.93797 12.93797 13.00217 13.00217 13.00217 13.00217 13.00217 13.07965 13.07965 13.07965 13.07965 13.07965 13.1664 13.1664 13.1664 13.1664 13.1664 13.2569 13.2569 13.2569 13.2569 13.2569
12.98845 12.98845 12.93887 12.93887 12.93887 12.93887 12.93887 12.89678 12.89678 12.89678 12.89678 12.89678 12.86539 12.86539 12.86539 12.86539 12.86539 12.8473 12.8473 12.8473 12.8473 12.8473 12.84451 12.84451 12.84451 12.84451 12.84451 12.8584 12.8584 12.8584 12.8584 12.8584 12.88962 12.88962 12.88962 12.88962 12.88962 12.93797 12.93797 12.93797 12.93797 12.93797 12.93797 13.00217 13.00217 13.00217 13.00217 13.00217 13.07965 13.07965 13.07965 13.07965 13.07965 13.1664 13.1664 13.1664 13.1664 13.1664 13.2569 13.2569 13.2569 13.2569 13.2569
12.98845 12.98845 12.93887 12.93887 12.93887 12.93887 12.93887 12.89678 12.89678 12.89678 12.89678 12.89678 12.86539 12.86539 12.86539 12.86539 12.86539 12.8473 12.8473 12.8473 12.8473 12.8473 12.84451 12.84451 12.84451 12.84451 12.84451 12.8584 12.8584 12.8584 12.8584 12.8584 12.88962 12.88962 12.88962 12.88962 12.88962 12.93797 12.93797 12.93797 12.93797 12.93797 12.93797 13.00217 13.00217 13.00217 13.00217 13.00217 13.07965 13.07965 13.07965 13.07965 13.07965 13.1664 13.1664 13.1664 13.1664 13.1664 13.2569 13.2569 13.2569 13.2569 13.2569
12.98845 12.98845 12.93887 12.93887 12.93887 12.93887 12.93887 12.89678 12.89678 12.89678 12.89678 12.89678 12.86539 12.86539 12.86539 12.86539 12.86539 12.8473 12.8473 12.8473 12.8473 12.8473 12.84451 12.84451 12.84451 12.84451 12.84451 12.8584 12.8584 12.8584 12.8584 12.8584 12.88962 12.88962 12.88962 12.88962 12.88962 12.93797 12.93797 12.93797 12.93797 12.93797 12.93797 13.00217 13.00217 13.00217 13.00217 13.00217 13.07965 13.07965 13.07965 13.07965 13.07965 13.1664 13.1664 13.1664 13.1664 13.1664 13.2569 13.2569 13.2569 13.2569 13.2569
13.16352 13.16352 13.10189 13.10189 13.10189 13.10189 13.10189 13.05012 13.05012 13.05012 13.05012 13.05012 13.01181 13.01181 13.01181 13.01181 13.01181 12.98987 12.98987 12.98987 12.98987 12.98987 12.98657 12.98657 12.98657 12.98657 12.98657 13.00347 13.00347 13.00347 13.00347 13.00347 13.0414 13.0414 13.0414 13.0414 13.0414 13.10023 13.10023 13.10023 13.10023 13.10023 13.10023 13.17863 13.17863 13.17863 13.17863 13.17863 13.27379 13.27379 13.27379 13.27379 13.27379 13.38114 13.38114 13.38114 13.38114 13.38114 13.49425 13.49425 13.49425 13.49425 13.49425
13.16352 13.16352 13.10189 13.10189 13.10189 13.10189 13.10189 13.05012 13.05012 13.05012 13.05012 13.05012 13.01181 13.01181 13.01181 13.01181 13.01181 12.98987 12.98987 12.98987 12.98987 12.98987 12.98657 12.98657 12.98657 12.98657 12.98657 13.00347 13.00347 13.00347 13.00347 13.00347 13.0414 13.0414 13.0414 13.0414 13.0414 13.10023 13.10023 13.10023 13.10023 13.10023 13.10023 13.17863 13.17863 13.17863 13.17863 13.17863 13.27379 13.27379 13.27379 13.27379 13.27379 13.38114 13.38114 13.38114 13.38114 13.38114 13.49425 13.49425 13.49425 13.49425 13.49425
13.16352 13.16352 13.10189 13.10189 13.10189 13.10189 13.10189 13.05012 13.05012 13.05012 13.05012 13.05012 13.01181 13.01181 13.01181 13.01181 13.01181 12.98987 12.98987 12.98987 12.98987 12.98987 12.98657 12.98657 12.98657 12.98657 12.98657 13.00347 13.00347 13.00347 13.00347 13.00347 13.0414 13.0414 13.0414 13.0414 13.0414 13.10023 13.10023 13.10023 13.10023 13.10023 13.10023 13.17863 13.17863 13.17863 13.17863 13.17863 13.27379 13.27379 13.27379 13.27379 13.27379 13.38114 13.38114 13.38114 13.38114 13.38114 13.49425 13.49425 13.49425 13.49425 13.49425
13.16352 13.16352 13.10189 13.10189 13.10189 13.10189 13.10189 13.05012 13.05012 13.05012 13.05012 13.05012 13.01181 13.01181 13.01181 13.01181 13.01181 12.98987 12.98987 12.98987 12.98987 12.98987 12.98657 12.98657 12.98657 12.98657 12.98657 13.00347 13.00347 13.00347 13.00347 13.00347 13.0414 13.0414 13.0414 13.0414 13.0414 13.10023 13.10023 13.10023 13.10023 13.10023 13.10023 13.17863 13.17863 13.17863 13.17863 13.17863 13.27379 13.27379 13.27379 13.27379 13.27379 13.38114 13.38114 13.38114 13.38114 13.38114 13.49425 13.49425 13.49425 13.49425 13.49425
13.16352 13.16352 13.10189 13.10189 13.10189 13.10189 13.10189 13.05012 13.05012 13.05012 13.05012 13.05012 13.01181 13.01181 13.01181 13.01181 13.01181 12.98987 12.98987 12.98987 12.98987 12.98987 12.98657 12.98657 12.98657 12.98657 12.98657 13.00347 13.00347 13.00347 13.00347 13.00347 13.0414 13.0414 13.0414 13.0414 13.0414 13.10023 13.10023 13.10023 13.10023 13.10023 13.10023 13.17863 13.17863 13.17863 13.17863 13.17863 13.27379 13.27379 13.27379 13.27379 13.27379 13.38114 13.38114 13.38114 13.38114 13.38114 13.49425 13.49425 13.49425 13.49425 13.49425
13.16352 13.16352 13.10189 13.10189 13.10189 13.10189 13.10189 13.05012 13.05012 13.05012 13.05012 13.05012 13.01181 13.01181 13.01181 13.01181 13.01181 12.98987 12.98987 12.98987 12.98987 12.98987 12.98657 12.98657 12.98657 12.98657 12.98657 13.00347 13.00347 13.00347 13.00347 13.00347 13.0414 13.0414 13.0414 13.0414 13.0414 13.10023 13.10023 13.10023 13.10023 13.10023 13.10023 13.17863 13.17863 13.17863 13.17863 13.17863 13.27379 13.27379 13.27379 13.27379 13.27379 13.38114 13.38114 13.38114 13.38114 13.38114 13.49425 13.49425 13.49425 13.49425 13.49425
