static/dem.asc
ncols         193
nrows         126
xllcorner     -8252.3921517487
yllcorner     3014732.5128431
cellsize      29.112647571874
NODATA_value  -9999
[rows 0 to 54 of 126, columns 96 to 191 of 193]
33 33 33 33 32 32 33 33 31 30 30 31 31 32 32 33 33 33 33 33 32 32 32 32 33 34 33 31 31 30 31 31 32 32 32 32 31 31 31 31 31 32 32 32 32 33 34 35 36 36 36 36 36 36 36 35 35 35 35 35 35 35 35 35 35 36 36 38 38 39 40 41 42 42 42 42 42 42 42 44 46 48 51 52 54 56 57 59 60 60 60 60 58 57 56 55
33 33 33 33 33 32 32 32 32 31 31 31 31 32 32 32 33 33 33 33 32 32 32 32 32 33 33 32 31 31 31 32 32 32 32 32 32 31 31 31 31 31 31 31 31 32 33 33 34 34 35 35 35 34 34 34 34 34 34 34 34 34 35 35 36 36 37 39 40 40 41 42 42 43 42 42 41 41 42 43 45 47 51 53 55 57 59 61 61 61 60 59 57 55 54 53
33 33 33 33 33 33 32 32 33 32 32 32 32 32 32 32 33 33 32 32 32 32 32 32 31 32 33 32 31 31 32 32 32 32 32 32 32 31 31 31 31 31 31 31 31 32 32 33 33 33 34 34 33 33 33 33 33 33 33 33 33 34 34 35 36 37 38 40 41 42 42 43 43 43 43 42 41 41 42 43 44 46 50 52 55 58 60 61 61 60 58 56 54 53 52 50
33 33 33 33 33 33 32 32 34 34 33 32 32 32 32 32 33 33 32 32 32 32 31 31 31 31 32 32 32 32 32 32 32 32 32 32 31 31 31 31 30 30 30 31 31 32 33 33 33 33 33 33 33 32 32 32 32 32 32 32 33 33 34 35 36 38 39 41 42 43 43 43 43 43 43 42 42 42 42 43 44 46 50 52 55 58 60 60 60 58 55 52 51 50 50 49
33 33 33 33 33 33 32 32 33 34 34 33 33 32 32 32 33 33 33 33 32 32 31 31 30 31 31 32 33 32 32 32 32 32 32 32 31 31 31 31 30 30 30 30 31 32 33 33 33 33 33 33 33 33 33 33 33 32 32 32 32 33 34 35 37 38 40 42 43 44 44 44 44 44 44 43 43 43 43 43 44 46 50 53 55 57 58 58 57 54 51 49 48 48 48 49
34 34 33 33 33 32 32 32 32 33 34 34 34 33 33 33 33 33 33 33 33 33 32 31 30 30 31 32 33 33 32 32 32 32 32 32 31 31 31 31 30 30 30 30 31 33 34 34 34 34 34 34 34 34 34 33 33 33 32 32 32 32 33 35 37 39 40 43 44 44 44 45 45 45 45 45 45 44 44 44 45 46 50 53 55 56 56 55 53 50 47 45 45 45 46 48
35 34 34 33 33 32 32 32 32 32 33 33 34 35 34 33 34 34 34 33 33 33 32 31 31 31 31 31 32 33 33 32 32 32 32 32 32 32 31 31 30 30 30 30 31 33 34 34 35 35 35 34 34 34 34 33 33 32 32 31 31 32 33 35 37 39 40 43 44 44 45 45 45 46 46 47 47 46 46 45 45 46 50 52 53 54 53 52 49 46 44 43 42 43 45 47
35 35 34 33 32 32 32 32 32 32 32 32 33 34 34 34 34 34 34 34 34 34 33 32 32 31 31 31 32 33 33 33 32 32 32 32 32 32 32 31 30 30 29 30 31 32 33 34 35 35 35 35 35 34 34 33 32 32 31 31 32 32 33 35 36 38 40 43 43 44 45 45 45 46 47 48 48 47 47 46 45 46 49 50 51 51 50 48 45 44 42 41 41 43 45 47
36 35 34 33 32 32 32 31 31 32 32 32 32 33 33 34 34 34 34 34 34 34 33 32 32 31 31 31 32 32 33 33 32 32 32 32 33 33 32 31 30 30 29 29 30 31 32 33 34 34 34 34 35 34 33 32 31 31 31 32 32 33 34 35 36 37 39 42 43 44 45 45 45 46 47 48 48 48 47 46 46 45 47 47 48 47 46 44 42 41 39 40 42 44 45 46
36 35 33 32 32 32 31 31 31 31 31 31 31 32 32 32 33 33 33 33 33 33 33 32 32 32 31 32 32 32 33 33 33 32 32 32 32 33 32 31 30 30 29 29 29 30 31 31 32 32 33 33 34 34 33 32 31 31 31 32 33 33 34 35 36 37 38 42 43 45 45 45 45 46 47 47 47 48 48 47 46 46 46 46 45 45 44 42 40 40 40 41 43 45 47 47
35 34 33 32 31 31 31 31 30 30 30 31 31 31 31 31 31 32 33 33 33 33 32 32 32 32 31 32 32 32 33 33 33 32 32 32 32 33 33 32 31 30 30 29 29 30 31 31 32 32 33 33 34 34 33 32 31 31 31 32 33 33 34 35 36 37 38 42 43 45 45 45 45 46 47 47 47 48 48 47 46 46 46 46 45 45 44 42 40 40 40 41 43 45 47 47
35 34 33 32 31 31 31 31 30 30 30 31 31 31 31 31 31 32 33 33 33 33 32 32 32 32 31 32 32 32 33 33 33 32 32 32 32 33 33 32 31 30 30 29 29 29 30 30 31 31 32 32 33 33 33 32 32 32 32 33 34 34 35 35 36 37 38 42 44 45 46 46 47 48 48 48 47 48 48 48 47 46 45 45 45 45 44 42 40 40 41 42 44 46 48 48
34 33 32 31 31 30 30 30 29 29 30 30 31 31 31 31 31 31 32 33 33 33 33 32 32 32 31 32 32 32 32 33 33 32 32 32 32 32 33 32 31 31 30 30 30 29 29 30 30 31 31 32 34 34 34 33 33 33 33 34 34 35 35 35 36 37 38 43 45 46 47 48 49 50 50 49 48 49 49 49 48 47 46 45 46 46 45 43 39 39 40 41 43 44 46 49
32 32 31 31 30 30 29 29 29 29 30 30 31 31 31 31 31 31 31 32 32 33 33 33 32 31 31 31 32 32 32 33 34 33 32 32 32 32 32 32 32 31 31 30 30 30 30 30 31 31 32 33 35 35 35 35 34 34 34 34 35 35 35 35 36 37 38 44 46 48 49 49 51 52 52 51 49 49 50 50 49 48 47 47 47 47 46 43 39 38 39 40 41 42 45 48
31 31 30 30 30 29 29 29 29 30 30 31 31 31 31 31 31 31 31 31 32 32 32 33 33 32 31 31 31 32 32 33 34 34 33 32 32 32 32 32 32 31 31 31 31 31 31 32 32 33 33 34 35 35 36 36 35 35 35 35 35 35 35 36 37 38 39 45 48 50 51 51 53 53 52 51 49 49 50 50 49 49 49 50 49 48 46 44 40 39 38 39 40 42 44 47
30 30 29 29 29 29 29 30 30 31 31 31 32 31 31 31 30 30 31 31 31 31 31 31 32 32 31 31 31 31 31 33 34 34 33 32 32 32 31 32 32 32 32 31 31 31 32 32 33 33 34 34 35 36 36 36 36 35 35 35 35 36 36 37 38 40 41 47 50 52 53 53 53 53 51 50 49 49 50 49 49 49 51 51 51 50 48 46 43 41 39 39 39 41 43 46
30 30 29 29 29 29 30 31 32 32 32 32 32 31 31 30 29 29 29 30 30 30 29 29 29 30 30 31 31 31 31 32 33 33 33 32 32 32 31 31 31 32 32 32 32 32 33 33 33 34 34 34 35 36 36 36 36 35 34 35 36 37 39 40 42 43 45 49 52 54 54 54 53 52 50 50 49 49 49 49 49 50 52 52 52 51 50 48 46 43 41 40 39 40 42 44
30 30 29 29 29 30 31 31 33 33 32 32 32 31 30 29 28 27 27 28 28 28 27 27 27 27 28 29 29 29 29 30 31 32 32 32 32 32 31 31 31 32 32 32 32 32 33 33 33 33 34 34 35 36 36 35 35 35 35 36 37 39 41 43 44 46 48 52 54 55 56 55 54 53 51 50 49 48 47 48 49 50 51 51 52 51 50 48 47 45 44 42 41 41 42 43
30 30 30 30 30 30 31 32 33 33 32 32 31 30 29 28 26 26 25 25 26 26 26 25 25 25 25 25 25 25 26 27 29 30 31 31 32 32 32 32 32 32 32 32 32 32 32 32 33 33 33 33 34 35 35 35 35 35 36 37 39 41 42 43 45 47 49 53 55 56 57 57 56 54 51 49 48 46 46 46 46 48 48 48 49 50 49 48 47 46 44 43 42 42 42 43
30 30 30 30 30 30 30 31 32 32 31 31 30 30 28 27 26 25 25 25 25 25 26 24 24 24 24 24 24 24 24 24 26 29 30 30 31 31 32 32 32 32 32 32 32 32 32 32 32 32 32 32 34 35 35 35 35 36 37 38 39 40 42 44 46 47 49 52 54 56 57 56 54 52 50 48 46 45 44 43 44 45 45 45 47 48 48 48 47 45 44 42 41 41 41 41
30 30 30 30 30 30 30 30 31 31 31 31 30 30 29 28 27 26 26 25 25 26 26 24 23 24 25 25 25 25 24 23 25 28 29 29 29 30 31 31 31 31 32 32 32 32 32 32 32 31 31 32 33 34 35 35 36 37 38 39 39 40 41 43 45 46 47 49 52 55 55 54 52 51 49 47 45 43 42 41 41 43 42 43 44 45 46 46 46 45 43 41 40 39 38 37
29 30 30 30 30 30 30 30 31 31 31 31 31 30 30 29 28 28 28 27 27 27 27 25 24 24 25 25 25 25 25 25 26 28 28 28 28 29 30 31 31 31 31 31 32 32 32 32 32 31 31 32 33 34 35 35 36 37 39 40 39 39 40 41 43 44 45 47 50 53 52 51 50 49 48 46 44 42 40 39 39 40 40 41 42 43 44 45 45 44 42 40 38 36 35 34
29 29 30 30 30 30 31 31 32 32 32 32 32 31 31 30 30 30 30 29 29 29 29 26 25 24 24 24 24 25 25 25 27 29 29 27 27 27 28 29 30 30 30 31 31 32 32 32 32 32 32 32 34 34 35 35 36 37 39 39 39 38 39 39 40 41 42 46 49 50 49 48 48 47 46 44 41 39 37 37 37 38 39 39 41 42 43 44 44 43 41 39 36 34 33 32
29 30 30 31 31 32 32 33 34 34 34 34 33 33 32 31 31 31 31 31 31 31 30 28 27 26 25 25 25 24 24 24 27 29 29 28 27 26 27 27 28 29 29 30 31 31 32 32 32 32 33 33 35 35 36 36 36 37 38 39 38 37 37 38 38 39 40 45 48 49 47 46 46 45 43 41 39 37 35 35 35 37 38 39 41 42 43 43 43 42 40 37 34 32 31 30
30 30 31 31 32 33 34 34 35 35 35 35 34 33 33 32 32 32 32 32 31 31 31 30 29 28 28 27 27 26 25 24 26 28 29 28 27 27 27 27 27 27 28 29 30 30 31 32 32 32 33 34 35 36 36 36 36 37 38 38 38 37 37 37 37 38 39 45 47 47 46 45 44 43 41 39 37 35 34 34 35 37 39 40 41 42 43 43 42 40 38 35 33 31 30 29
31 31 32 32 33 33 34 35 35 36 35 35 34 34 33 33 32 32 32 31 31 31 31 30 30 30 29 29 29 28 27 27 27 29 29 28 27 28 28 27 26 25 26 27 29 30 30 30 30 30 32 33 35 36 36 37 37 37 38 39 39 38 38 37 37 38 39 45 46 46 45 45 44 42 40 38 36 35 34 34 36 38 40 40 41 42 42 41 40 38 36 34 32 30 29 29
31 31 32 32 33 33 33 34 34 35 35 34 34 34 33 32 32 32 31 31 30 30 30 30 30 30 30 30 30 30 29 29 30 30 29 29 28 28 28 26 25 25 25 26 28 28 27 27 27 27 28 29 32 34 35 36 36 37 38 39 39 40 40 38 38 39 41 45 45 45 45 45 44 42 40 38 36 35 35 35 37 39 40 41 41 41 40 39 38 36 34 32 31 30 29 29
31 31 31 32 32 32 32 32 33 33 33 33 33 33 33 32 32 31 31 30 30 30 30 30 30 30 30 30 30 30 30 31 31 31 29 29 29 29 28 26 25 25 25 26 27 26 25 25 24 25 26 27 28 30 33 34 35 36 37 37 38 39 39 39 39 40 42 43 43 44 44 44 43 41 39 37 36 35 35 36 38 40 40 40 40 40 39 37 36 34 33 32 31 30 30 30
31 31 31 31 32 31 31 31 31 32 32 32 33 33 33 33 32 31 30 30 30 30 30 30 30 29 29 29 29 29 30 31 32 31 30 29 30 30 29 27 27 26 26 27 27 26 25 24 24 24 25 26 28 29 31 33 35 36 36 36 37 37 37 38 38 39 40 39 40 41 42 42 42 40 39 37 36 35 35 36 38 39 39 38 38 38 37 35 34 33 32 31 31 31 31 30
31 31 31 31 32 31 31 31 31 32 32 32 33 33 33 33 32 31 30 30 30 30 30 30 30 29 29 29 29 29 30 31 32 31 30 29 30 30 29 27 27 26 26 27 27 26 25 24 24 24 25 26 28 29 31 33 35 36 36 36 37 37 37 38 38 39 40 39 40 41 42 42 42 40 39 37 36 35 35 36 38 39 39 38 38 38 37 35 34 33 32 31 31 31 31 30
31 31 31 32 31 31 31 31 31 31 31 32 33 33 33 33 32 31 30 30 30 30 30 30 30 29 29 29 29 29 29 31 32 31 30 30 30 31 31 30 29 28 28 28 28 28 27 25 24 25 26 27 28 28 29 32 34 35 35 36 36 35 35 35 36 37 37 36 37 38 39 39 39 38 37 36 36 35 35 36 37 38 37 36 35 35 34 34 33 32 32 32 32 32 32 31
31 31 32 32 32 31 31 31 31 31 31 32 33 33 33 33 32 31 30 30 30 31 31 30 30 29 29 29 29 29 29 30 32 31 30 30 30 31 32 31 30 30 29 29 29 29 28 27 27 27 27 26 27 27 28 30 33 34 34 35 34 33 33 34 35 36 35 34 35 35 36 36 36 36 35 35 35 34 34 34 35 35 36 34 33 33 33 32 32 32 32 32 32 32 32 31
31 31 32 32 32 31 31 31 31 31 31 32 33 33 33 33 32 31 31 31 31 31 31 31 30 29 29 29 29 29 29 30 31 32 31 30 30 31 32 32 32 31 30 30 30 29 29 28 28 28 28 28 27 27 28 30 32 33 33 33 32 31 31 32 33 34 33 33 33 33 34 33 33 34 34 34 34 33 33 33 33 33 34 33 32 32 32 32 32 32 32 32 32 32 32 32
31 31 31 31 31 31 31 31 31 31 31 32 32 32 32 32 31 31 31 31 31 32 32 31 30 30 29 29 29 29 29 29 30 32 31 30 29 30 31 32 32 31 31 31 31 30 30 29 29 29 29 29 28 27 28 30 31 31 31 31 30 29 29 30 31 32 32 31 32 32 32 31 31 32 32 32 32 32 32 31 31 31 33 32 31 31 31 31 31 31 32 32 32 32 32 31
30 30 30 30 30 30 30 31 31 31 31 31 31 31 31 31 31 31 31 32 32 32 32 31 30 30 29 29 29 29 29 29 29 30 31 30 29 29 30 32 32 31 31 31 31 31 31 30 30 29 29 30 29 28 28 29 29 29 29 29 28 28 28 28 29 30 31 30 31 31 30 30 30 30 30 30 30 30 30 30 30 30 32 31 31 31 31 31 31 31 31 31 31 31 31 31
29 28 28 29 29 29 30 31 31 31 31 31 30 30 30 30 30 31 31 32 32 32 32 30 29 29 29 29 28 28 28 28 29 29 29 30 29 28 30 31 32 31 31 32 32 32 31 31 31 30 30 30 30 30 30 29 28 27 27 27 27 27 27 27 27 28 29 29 29 29 30 29 29 29 29 29 29 29 29 29 29 30 32 32 32 32 31 31 31 30 30 30 30 31 30 30
27 27 27 27 28 29 30 31 32 32 31 30 30 30 30 30 30 31 31 32 32 32 32 30 29 28 28 28 28 28 28 28 28 28 29 30 30 28 29 31 31 31 32 32 32 32 32 31 31 31 31 31 31 31 31 30 29 28 27 27 28 28 28 27 26 26 27 27 27 28 29 29 29 29 29 29 29 29 28 28 29 30 32 33 32 32 32 31 31 30 30 30 30 30 30 29
27 26 26 27 28 30 31 32 32 32 31 30 30 30 30 30 30 31 32 32 32 32 31 29 28 28 28 28 28 28 28 28 28 28 28 29 30 29 29 30 31 31 31 32 32 32 31 31 31 31 31 32 32 32 32 31 30 29 28 29 29 29 29 27 26 26 27 27 26 27 28 29 29 30 30 30 29 29 28 29 29 30 33 34 33 32 32 31 30 30 29 29 30 30 30 29
27 27 27 28 29 30 32 32 32 32 31 31 30 30 30 31 31 32 32 32 32 31 30 28 28 27 27 27 27 27 28 28 28 28 28 28 29 30 29 30 31 31 31 31 31 31 31 31 31 31 31 32 32 32 32 31 31 30 30 30 31 31 30 29 27 26 28 29 26 26 28 29 30 31 31 31 30 30 29 29 30 30 33 34 33 32 31 31 30 30 29 29 30 30 30 30
28 28 29 29 30 31 31 32 32 31 31 31 31 31 31 32 32 33 33 33 32 31 30 28 27 27 27 27 27 28 28 28 28 28 28 28 29 31 30 30 30 31 31 31 31 31 31 30 30 30 31 31 31 31 31 31 31 31 31 31 32 32 32 30 29 27 28 29 26 27 29 30 31 32 32 32 31 30 30 29 30 30 32 33 32 31 31 30 30 30 30 30 30 31 31 30
30 30 31 31 31 31 31 31 31 31 31 32 32 32 32 32 33 33 33 33 33 31 30 27 27 27 27 27 28 28 28 28 28 28 28 28 28 31 31 30 29 30 31 31 30 30 30 30 30 30 30 30 30 30 30 30 30 30 31 31 32 33 32 31 30 28 28 28 26 26 29 31 32 33 33 33 32 31 30 29 29 30 32 32 31 30 30 30 30 30 30 30 31 31 31 31
33 33 33 32 31 30 30 30 31 31 32 32 33 33 33 33 34 34 34 33 33 31 30 27 27 27 27 28 28 28 29 28 28 27 27 28 28 30 31 30 30 30 31 31 30 29 29 29 29 29 29 29 29 29 29 29 29 30 30 31 32 32 32 32 31 30 29 27 25 26 29 28 28 31 34 34 33 31 30 29 29 29 31 31 30 30 30 30 30 30 30 30 31 31 31 31
35 35 35 33 32 31 30 29 30 31 32 32 33 33 34 34 34 35 34 34 33 31 30 27 27 27 28 28 29 29 29 28 28 27 27 28 28 29 31 31 30 31 31 31 29 29 29 29 29 29 29 29 28 28 28 28 29 30 30 31 32 32 32 32 32 31 31 28 25 25 25 21 20 25 31 34 34 32 30 29 29 29 31 31 30 29 30 30 30 30 30 30 30 30 30 30
38 38 37 35 33 32 30 29 30 30 31 32 33 33 34 34 35 35 35 34 33 31 29 27 27 28 28 29 29 29 29 29 28 27 27 27 27 28 29 31 30 31 31 30 29 29 29 29 29 29 29 28 28 27 27 28 28 29 30 30 31 32 32 33 33 33 33 30 24 21 19 16 16 20 26 32 35 33 31 30 29 29 30 31 30 29 30 30 30 30 29 29 29 29 29 29
40 40 39 38 36 33 31 30 30 31 32 32 33 33 34 34 35 35 35 34 33 31 29 27 28 28 29 29 30 30 29 29 28 28 27 26 27 27 28 30 30 30 31 30 29 29 29 29 29 29 29 29 27 27 27 27 28 28 29 29 30 31 32 33 34 34 34 29 22 17 15 14 15 18 23 30 34 34 32 30 29 29 30 31 30 30 30 30 30 29 29 28 28 28 28 29
41 41 41 40 37 35 33 31 31 31 32 32 33 33 34 34 35 35 35 34 33 31 29 28 28 29 29 30 30 30 30 29 29 28 28 27 27 27 28 30 30 30 30 30 29 29 29 29 29 29 29 29 27 27 26 27 27 28 28 29 30 31 32 33 34 35 35 28 21 17 16 15 17 19 24 29 32 34 33 31 30 29 30 31 31 30 30 30 30 29 29 28 28 29 29 29
40 41 41 40 38 36 34 33 32 32 32 33 33 33 33 34 34 35 35 34 32 31 30 29 29 30 30 30 31 30 30 30 30 29 29 28 27 26 28 30 30 30 30 29 28 28 29 29 30 30 29 29 27 27 27 27 27 27 28 28 29 30 32 33 34 35 36 28 22 19 18 18 18 21 26 29 31 33 33 31 30 29 28 29 30 31 31 31 30 29 29 29 30 31 31 32
38 39 39 38 37 36 34 33 33 33 33 33 33 33 33 33 34 34 34 34 32 31 30 29 29 30 30 30 31 30 30 30 30 29 29 28 27 26 28 30 30 30 30 29 28 28 29 29 30 30 29 29 27 27 27 27 27 27 28 28 29 30 32 33 34 35 36 28 22 19 18 18 18 21 26 29 31 33 33 31 30 29 28 29 30 31 31 31 30 29 29 29 30 31 31 32
38 39 39 38 37 36 34 33 33 33 33 33 33 33 33 33 34 34 34 34 32 31 30 30 30 30 31 31 31 31 31 31 31 30 30 28 27 27 28 30 29 29 29 28 27 28 28 29 29 30 29 29 27 27 27 27 27 27 28 28 29 30 32 33 34 35 34 26 23 20 19 18 18 19 24 29 32 33 32 30 29 28 27 27 28 30 31 31 30 29 29 30 31 32 33 33
35 36 37 36 36 35 34 34 34 34 34 33 33 33 32 32 33 33 34 33 32 31 31 31 31 32 32 32 31 31 31 31 32 31 31 29 28 28 30 30 29 29 29 28 27 27 28 28 29 29 29 29 28 28 27 27 27 28 28 29 29 30 32 33 34 34 31 26 23 20 18 16 16 17 21 27 31 32 30 29 28 27 27 27 27 28 29 30 30 30 30 31 31 31 32 31
33 33 34 34 34 34 33 33 34 34 34 33 32 32 32 32 32 33 33 33 32 31 31 32 33 33 33 33 32 32 32 32 33 33 31 30 30 30 31 30 30 30 29 28 28 28 28 28 29 29 29 29 29 29 28 28 28 28 28 29 30 31 32 33 34 34 31 28 25 20 17 15 15 17 20 25 29 29 28 28 28 29 29 28 27 28 28 28 30 32 32 31 30 30 30 30
31 31 32 33 33 33 33 33 33 33 33 32 32 32 32 31 32 33 33 33 32 32 32 34 34 34 34 34 33 33 33 33 33 32 31 31 31 31 30 30 31 31 30 29 28 28 28 28 29 29 30 30 30 30 29 29 28 28 28 29 30 31 32 33 34 34 32 30 27 21 17 15 14 15 20 24 26 26 26 27 29 31 30 29 29 29 28 28 30 32 32 31 30 30 30 31
31 31 31 32 32 32 32 32 32 32 32 31 31 32 32 32 33 34 34 33 33 33 33 34 35 35 34 34 34 33 34 33 31 30 30 31 32 30 30 31 31 32 31 30 29 29 29 29 29 30 30 30 30 30 30 30 29 29 29 29 30 31 31 32 33 33 32 31 28 22 17 14 13 15 20 25 25 25 25 27 30 31 31 30 30 29 28 28 29 32 33 31 30 30 31 31
31 30 31 31 32 32 32 31 31 31 31 31 31 32 32 33 33 34 35 34 34 34 34 34 34 34 34 34 33 34 34 33 31 30 30 31 32 30 31 31 32 32 31 30 30 30 29 29 29 29 30 30 30 30 30 30 29 29 29 29 30 31 31 32 33 32 31 30 26 20 16 15 13 16 21 25 25 24 25 27 29 30 30 30 29 29 28 28 28 31 32 31 30 30 31 31
31 30 31 31 32 32 32 31 30 30 31 31 32 33 33 34 34 35 35 35 34 34 33 33 33 33 33 33 33 33 33 33 33 32 32 32 31 30 31 32 33 33 32 31 31 30 29 29 29 29 29 29 30 30 30 30 29 29 29 30 30 31 32 32 32 31 31 29 25 20 17 17 15 16 21 24 26 25 25 27 29 29 29 28 28 28 28 29 30 31 31 31 30 30 31 31
