static/dem.asc
ncols         193
nrows         126
xllcorner     -8252.3921517487
yllcorner     3014732.5128431
cellsize      29.112647571874
NODATA_value  -9999
[rows 55 to 109 of 126, columns 0 to 95 of 193]
49 50 51 52 53 53 53 53 52 51 50 48 44 41 38 35 34 32 31 29 28 27 27 28 29 31 32 33 33 34 35 35 35 35 35 36 36 38 42 42 40 36 33 32 32 32 32 32 31 31 31 32 36 38 39 38 35 33 31 28 27 27 28 29 31 33 34 35 35 34 32 31 32 33 34 33 32 31 30 30 31 32 34 35 35 35 35 34 34 33 34 35 35 34 33 32
49 51 52 53 54 54 54 53 53 51 49 47 44 40 37 34 33 32 31 30 29 29 29 29 30 30 31 32 32 33 34 35 35 35 35 36 36 38 41 41 39 37 34 31 31 32 32 32 32 31 31 33 36 38 39 37 35 33 31 28 28 27 28 29 31 33 34 35 34 34 33 32 33 34 35 35 33 32 30 31 31 32 34 35 35 35 34 33 32 31 32 33 33 33 33 32
49 51 52 53 54 54 54 53 52 50 49 46 44 40 37 34 33 32 31 31 30 30 30 31 31 31 31 31 32 33 35 35 35 36 36 36 37 38 39 38 38 38 36 32 31 32 33 33 33 32 32 33 36 38 38 36 35 33 32 29 29 29 29 30 32 33 34 34 34 35 36 34 35 36 36 36 34 32 31 32 33 33 34 35 35 35 34 32 31 30 30 31 31 32 32 32
49 50 52 53 54 54 54 53 51 49 47 46 44 41 37 35 34 33 33 32 32 32 32 32 32 31 31 31 31 33 34 35 35 36 35 35 36 38 36 35 37 39 38 34 31 32 33 34 34 33 33 34 36 36 37 37 36 35 34 31 30 30 31 32 33 33 33 33 34 36 37 36 36 37 37 38 36 33 33 34 34 35 35 36 36 35 34 33 31 29 29 30 31 32 32 32
49 50 52 53 54 54 53 52 50 48 47 45 44 42 39 36 35 35 35 34 34 34 34 33 33 32 31 31 32 33 34 35 35 35 34 34 35 36 35 33 36 38 38 34 32 32 33 34 34 34 34 34 35 36 37 38 38 37 36 33 32 32 32 33 33 33 33 32 32 35 36 35 35 37 38 39 38 35 34 34 35 35 36 36 36 36 35 33 32 30 30 31 31 32 33 33
48 50 51 52 53 53 52 50 49 47 46 44 43 43 41 37 37 37 36 36 36 35 35 34 33 32 32 32 32 33 34 34 34 34 33 33 33 34 34 32 33 36 36 34 33 32 32 33 33 34 34 35 36 37 39 40 40 39 38 35 34 34 34 34 34 33 32 30 31 33 34 34 34 36 39 40 39 37 35 35 35 35 35 36 37 37 36 35 34 32 31 32 33 33 33 33
48 50 51 52 52 52 51 49 47 46 44 43 43 43 42 39 38 38 37 36 36 36 35 34 33 33 32 32 33 33 33 33 33 33 32 32 32 33 33 32 31 33 34 33 33 31 31 32 33 33 34 36 37 38 40 41 41 40 39 36 35 35 34 34 34 33 31 30 31 32 32 32 33 35 39 40 40 38 36 36 36 35 34 35 37 37 38 37 36 34 34 34 34 34 33 32
48 49 51 51 51 51 49 48 46 44 43 42 42 42 43 40 39 38 37 37 36 35 34 34 33 33 32 32 33 33 33 33 33 32 31 31 31 32 33 32 31 32 34 34 33 31 31 32 32 33 34 36 37 39 40 41 41 41 40 37 36 35 35 34 34 32 31 30 30 31 31 31 32 34 38 39 39 38 37 36 36 34 35 36 36 37 38 38 38 37 37 37 37 36 34 32
49 49 50 51 50 49 48 46 44 42 41 41 41 42 43 42 40 38 37 36 35 34 34 33 33 33 33 33 33 33 33 33 33 32 31 31 31 32 34 33 31 32 33 34 33 32 32 32 32 33 34 35 37 39 40 40 40 40 39 37 36 35 35 34 33 32 30 30 31 32 32 33 33 34 38 39 38 38 36 35 33 32 34 36 35 35 37 38 38 40 40 40 39 37 35 33
49 49 49 50 49 48 47 45 43 41 41 41 41 42 43 44 42 40 38 36 35 34 33 33 33 33 33 33 33 33 32 32 32 31 31 31 32 33 34 34 33 32 33 33 33 34 33 33 33 33 34 35 37 38 39 39 39 38 38 36 36 35 34 34 33 32 32 33 33 33 34 35 36 36 38 38 38 37 35 31 28 28 29 31 32 34 36 37 39 41 41 40 39 36 34 33
48 49 49 49 48 48 47 45 43 42 41 41 41 42 44 46 45 42 40 37 35 34 33 33 34 34 34 34 35 34 33 32 31 31 31 31 33 35 36 35 34 33 33 34 34 34 34 34 34 34 34 35 36 37 37 37 37 36 36 35 35 34 34 33 32 32 34 35 36 36 36 37 38 40 39 37 37 36 34 29 26 26 26 27 29 33 37 37 38 40 40 39 37 35 34 33
48 49 49 48 48 48 47 46 44 43 42 42 43 44 45 47 47 46 42 39 36 35 34 34 34 35 35 36 36 36 34 33 32 32 32 33 34 36 36 35 34 34 34 34 34 34 35 34 34 34 34 35 36 37 37 37 37 36 36 35 35 34 34 33 32 32 34 35 36 36 36 37 38 40 39 37 37 36 34 29 26 26 26 27 29 33 37 37 38 40 40 39 37 35 34 33
48 49 49 48 48 48 47 46 44 43 42 42 43 44 45 47 47 46 42 39 36 35 34 34 34 35 35 36 36 36 34 33 32 32 32 33 34 36 36 35 34 34 34 34 34 34 35 34 34 34 34 35 35 35 35 35 35 34 34 34 33 33 33 33 32 33 35 37 36 37 38 38 40 41 40 38 36 35 33 31 29 29 29 30 32 36 39 38 37 38 39 39 38 36 35 34
49 49 49 49 49 49 48 47 46 44 43 43 44 46 47 49 49 48 45 42 38 36 35 35 35 36 37 37 37 37 36 35 35 34 34 36 37 37 37 36 34 33 33 32 32 34 34 34 34 34 34 34 34 34 34 34 33 33 33 33 32 32 33 33 33 34 36 36 36 37 38 39 40 41 40 38 37 35 34 34 35 34 33 34 36 37 38 37 35 36 37 38 38 38 36 35
50 50 50 51 51 51 50 49 48 46 45 45 46 48 49 51 50 49 46 44 41 38 36 36 36 37 37 38 38 39 38 38 38 38 38 39 39 38 37 35 33 32 31 30 30 32 33 33 34 34 33 34 34 34 34 33 33 33 32 32 32 32 33 33 34 35 36 36 36 36 38 39 39 40 38 36 36 35 35 36 36 35 35 35 36 36 36 35 33 35 36 38 38 38 38 37
52 52 53 53 53 53 52 51 50 48 48 48 49 50 51 51 50 49 46 44 43 40 38 37 37 37 38 38 39 40 40 41 43 42 42 42 41 39 37 34 32 31 29 29 29 30 31 32 33 33 33 34 34 35 35 34 33 33 33 32 32 32 33 34 35 36 37 37 36 36 37 37 38 39 37 34 33 34 34 34 33 32 33 34 34 34 34 32 32 35 36 38 38 38 38 38
53 54 55 55 54 54 53 52 51 50 49 49 50 51 51 51 50 48 45 44 42 41 41 40 39 39 40 40 41 41 43 45 46 45 44 43 41 38 36 34 32 30 29 28 28 30 31 32 32 33 33 34 35 36 36 35 34 34 33 32 32 32 33 34 36 36 37 37 37 37 37 37 38 39 37 35 34 34 34 33 33 32 32 32 33 33 33 32 33 35 36 37 38 38 38 37
55 56 56 56 55 55 54 53 52 51 51 51 51 51 51 50 48 47 45 43 42 42 41 41 41 41 42 43 43 43 46 47 46 46 44 43 41 38 36 34 32 31 30 29 30 30 31 32 33 33 34 35 36 37 37 36 35 34 33 32 32 32 33 34 35 36 37 37 37 38 39 40 40 40 39 38 37 36 35 34 34 33 33 33 33 33 33 33 34 35 36 37 38 38 38 37
56 57 57 56 55 55 54 53 53 53 52 52 51 50 50 48 47 46 45 44 43 42 41 41 41 41 42 43 44 45 47 47 46 45 44 42 40 38 37 35 34 32 31 31 31 31 32 32 33 33 34 35 36 37 37 37 36 35 33 31 31 31 32 33 35 36 36 37 38 39 40 41 42 43 42 41 40 39 37 36 35 34 34 34 34 35 35 35 35 36 36 37 37 37 37 37
57 57 57 56 55 54 54 54 54 54 53 53 51 50 49 47 46 46 45 44 43 42 41 40 40 40 41 42 43 44 46 46 45 44 43 41 40 39 38 37 36 35 34 33 32 32 32 32 33 34 35 35 36 37 37 36 36 35 33 31 31 31 31 33 34 35 36 37 38 39 41 43 44 44 44 44 43 41 39 37 36 35 34 34 35 35 36 36 36 36 36 37 37 37 37 37
58 57 57 56 55 55 54 54 55 55 55 54 52 50 48 46 46 46 45 44 43 42 40 40 39 39 39 40 42 43 45 45 44 43 41 40 40 40 39 39 38 37 35 34 33 32 32 33 34 34 35 35 36 36 36 36 36 35 34 32 31 31 31 32 34 35 35 36 37 39 41 43 44 45 45 45 44 42 40 38 36 35 35 35 35 36 36 37 37 37 37 37 38 38 38 37
59 58 57 57 56 56 56 56 56 57 57 56 54 51 49 46 46 46 45 44 43 41 39 38 38 38 38 39 40 41 43 43 42 41 40 39 39 40 40 40 39 38 36 35 33 33 33 34 35 36 36 36 36 36 35 35 35 35 34 33 32 32 32 33 34 35 35 36 37 38 40 42 44 45 45 45 44 42 40 38 36 35 35 35 36 37 37 37 37 37 37 37 38 38 38 37
61 60 59 58 57 57 57 57 58 59 58 57 56 53 50 47 46 46 45 44 42 40 39 37 37 36 36 37 38 39 40 40 40 40 39 39 39 40 41 41 40 39 37 36 34 35 35 36 37 38 38 38 37 36 35 35 35 34 34 33 32 32 32 33 34 35 35 36 37 38 40 42 43 44 46 45 44 43 40 38 36 35 35 35 36 37 38 38 38 37 37 37 38 38 38 37
63 61 60 59 58 58 58 59 60 61 61 60 58 55 52 48 47 46 45 44 42 40 38 37 36 35 35 35 36 37 38 38 39 39 39 39 40 41 42 42 41 40 38 37 36 37 38 39 40 40 40 39 38 37 36 35 34 34 33 33 33 32 33 33 34 35 35 36 37 38 40 41 43 44 46 46 45 43 41 39 36 35 35 36 37 37 38 38 38 37 37 37 37 37 37 36
64 62 61 60 59 59 59 60 61 62 62 61 60 57 54 48 47 46 45 44 43 41 38 37 35 34 34 34 35 36 37 38 38 39 39 40 41 42 43 43 42 41 40 39 39 40 41 42 42 42 42 40 39 37 36 34 33 32 32 32 32 32 33 34 34 35 36 37 38 39 40 41 42 43 45 45 45 43 41 39 37 35 36 36 37 38 38 38 38 37 36 36 36 36 36 35
63 61 60 59 59 59 59 60 61 63 63 63 61 58 54 48 46 45 45 44 43 41 39 37 36 35 34 34 35 35 37 38 38 39 40 41 42 43 44 44 44 43 42 41 42 42 43 44 44 44 43 41 39 37 35 34 32 31 31 33 32 32 33 34 35 36 37 38 39 39 39 40 41 42 44 45 44 43 41 38 37 35 35 36 37 38 38 38 38 37 36 36 36 35 35 34
61 60 59 58 58 58 59 60 62 63 64 63 61 58 54 47 45 44 44 43 43 41 40 38 37 36 35 35 35 36 37 38 38 39 40 41 42 44 45 45 45 44 44 43 43 44 44 44 44 44 43 41 39 37 35 34 32 31 30 32 31 31 33 34 36 37 38 39 39 39 39 39 40 41 43 44 43 42 40 38 36 35 35 36 37 38 38 38 38 37 37 37 36 35 34 34
58 57 56 56 56 57 59 60 62 63 64 63 60 57 53 46 44 43 43 43 43 42 41 40 38 37 36 36 36 37 38 38 39 39 40 41 42 44 45 46 46 45 44 44 43 43 44 44 43 43 41 40 38 36 35 34 32 31 30 30 30 31 33 35 37 38 39 39 39 39 38 38 38 39 42 43 42 41 39 38 36 35 36 36 37 38 39 39 39 39 38 38 37 36 35 34
55 55 54 55 55 57 59 60 62 63 63 62 59 56 51 45 43 43 43 43 43 43 42 41 40 38 37 37 37 37 39 39 39 39 40 41 42 43 45 46 46 45 44 43 42 42 42 42 41 40 39 38 37 35 35 34 33 32 31 29 29 31 33 35 37 38 39 39 39 38 38 37 38 38 40 41 41 40 38 37 36 35 36 37 38 39 39 40 40 40 40 39 38 37 36 34
53 53 53 54 55 57 59 61 62 63 63 61 58 54 50 44 42 42 43 43 44 44 43 42 41 39 38 38 38 38 39 40 39 39 39 40 41 42 44 45 45 44 43 42 41 40 40 40 39 38 37 37 36 35 35 35 35 34 33 30 30 31 34 36 38 38 38 38 38 38 38 37 38 38 40 40 39 38 37 36 35 35 36 37 38 39 40 41 41 41 41 40 39 37 36 34
53 53 53 54 55 57 59 61 62 63 63 61 58 54 50 44 42 42 43 43 44 44 43 42 41 39 38 38 38 38 39 40 39 39 39 40 41 42 44 45 45 44 43 42 41 40 40 40 39 38 37 37 36 35 35 35 35 34 33 30 30 31 34 36 38 38 38 38 38 38 38 37 38 38 40 40 39 38 37 36 35 35 36 37 38 39 40 41 41 41 41 40 39 37 36 35
52 52 52 53 55 57 59 61 62 63 62 60 57 53 49 43 42 42 43 43 44 44 43 42 41 40 40 39 39 40 40 40 40 39 39 39 39 40 42 43 43 43 42 41 39 38 37 37 37 36 36 36 36 36 36 37 37 36 35 32 31 33 37 40 40 40 38 38 38 38 38 38 38 38 39 39 38 37 36 35 35 35 36 38 39 40 41 42 42 42 42 41 39 38 37 36
51 51 51 52 54 56 58 60 61 62 61 59 56 52 48 42 42 42 42 43 43 43 43 43 42 41 41 40 40 40 41 41 40 39 38 38 38 38 40 41 41 41 40 39 37 36 35 35 35 35 35 36 37 37 38 38 38 38 37 35 34 36 41 43 44 42 40 39 39 39 39 38 38 38 38 38 37 36 35 35 35 36 37 38 39 40 41 42 42 42 41 41 39 38 37 36
51 50 50 52 54 55 57 59 60 60 60 57 54 50 46 42 41 42 42 43 43 43 43 42 42 41 41 41 41 41 41 41 40 39 38 37 37 37 38 38 39 39 38 37 34 34 33 33 34 35 35 36 38 39 40 40 40 40 39 38 38 40 43 46 47 45 42 40 40 40 40 40 40 39 37 37 36 35 34 34 35 36 37 39 40 40 41 41 42 41 40 40 39 38 37 37
51 50 50 51 52 54 56 57 58 58 57 55 52 48 45 41 41 42 42 43 44 43 43 42 42 42 42 42 42 42 42 41 40 39 37 36 36 36 36 37 37 37 36 34 32 32 32 32 33 35 36 37 39 40 41 41 41 41 40 41 41 41 43 47 48 46 43 42 42 42 42 42 41 40 38 36 36 35 35 35 36 37 38 39 40 40 41 41 41 40 39 38 37 37 37 37
51 50 50 50 51 53 54 55 56 56 55 53 50 47 44 41 42 42 43 44 44 44 43 43 42 42 43 43 43 43 42 41 40 38 37 35 35 35 35 35 35 35 34 33 31 31 31 32 34 35 37 39 40 41 42 42 42 41 41 43 43 42 44 46 48 47 45 44 44 44 44 44 42 41 39 37 37 36 35 36 36 38 38 39 40 41 41 41 40 39 38 37 36 36 36 36
52 51 50 50 50 51 52 53 54 54 53 51 49 46 44 42 42 43 44 45 46 46 45 44 43 43 44 44 44 44 42 41 39 37 36 34 34 34 34 35 35 34 33 32 31 31 32 33 35 37 39 40 41 42 42 42 41 40 41 43 43 45 46 47 48 49 48 47 47 47 47 46 44 43 40 39 38 37 36 36 37 38 39 40 41 41 41 41 40 38 37 36 35 35 35 35
54 52 51 51 50 50 51 52 52 52 51 50 48 45 43 42 42 43 45 46 47 47 46 46 45 45 45 45 45 45 43 42 40 37 36 34 34 34 34 35 35 35 34 33 32 32 34 36 38 39 41 41 42 42 42 41 41 41 42 44 45 46 48 49 50 51 51 49 49 49 48 47 46 44 42 40 39 38 37 37 37 38 39 40 40 41 41 41 40 37 36 35 34 34 34 35
56 55 53 52 51 51 51 51 51 51 51 49 48 46 44 42 43 44 46 47 48 48 48 47 46 46 46 46 46 45 44 42 40 38 36 35 35 35 35 35 36 35 35 34 34 35 37 39 41 42 43 43 43 43 42 41 40 40 42 46 46 47 48 50 52 53 52 51 50 49 49 47 46 45 43 42 41 39 38 37 37 37 38 39 39 40 40 40 39 37 36 35 35 34 34 35
58 57 56 55 54 53 52 52 52 52 51 49 48 46 44 43 43 45 46 47 48 49 48 48 47 47 47 46 46 45 44 42 41 40 38 37 37 37 37 37 37 37 37 37 37 39 40 42 44 45 45 45 45 44 43 41 39 39 40 47 48 48 49 52 52 52 51 50 49 48 48 47 46 45 43 42 41 40 39 37 37 37 37 37 38 38 39 39 38 37 36 36 35 35 35 36
59 59 59 58 57 55 54 54 54 53 52 51 49 47 45 43 44 45 46 47 48 48 48 48 48 47 47 46 45 44 44 43 43 42 41 40 40 40 40 40 40 40 40 40 41 43 44 46 47 48 48 47 47 45 43 40 39 38 40 46 48 48 49 50 50 50 50 49 48 47 46 45 44 43 42 42 41 40 38 37 36 36 36 36 36 37 37 37 37 37 37 37 37 37 37 37
59 60 60 60 59 58 57 56 56 55 53 51 50 48 47 44 44 45 46 47 47 47 48 48 47 47 47 46 45 43 43 44 44 44 44 43 43 43 43 43 42 42 42 43 45 46 48 49 49 48 47 47 47 45 43 41 40 40 40 45 47 47 47 46 47 47 47 46 45 44 44 43 42 41 41 41 40 39 38 37 36 36 36 35 35 35 36 36 36 37 37 37 38 38 39 39
58 59 60 60 60 59 59 58 57 55 52 50 48 47 47 46 45 45 45 46 46 46 47 47 47 47 46 45 44 42 43 44 46 47 47 46 46 46 46 45 44 44 44 45 48 48 48 48 47 47 46 46 46 46 45 43 42 42 42 44 46 46 44 44 44 44 44 43 43 42 41 40 39 39 39 39 39 38 37 37 36 36 36 36 35 35 35 35 35 36 36 37 38 39 41 41
56 57 58 59 59 60 59 57 56 54 52 49 47 46 46 47 46 45 45 44 44 45 46 47 47 47 46 45 43 42 43 45 47 48 49 49 48 48 47 46 45 45 46 47 48 48 47 46 45 45 45 46 46 46 46 44 44 43 43 44 45 45 43 42 41 42 42 41 41 40 39 38 37 37 37 37 37 37 36 36 36 36 36 36 36 36 36 35 35 35 36 37 39 41 42 43
54 54 55 56 58 59 58 56 55 54 53 50 48 47 46 47 46 45 44 43 43 44 45 47 48 48 47 45 43 42 44 46 48 50 50 50 50 49 48 48 47 47 47 47 47 47 46 45 44 43 44 45 46 46 46 45 44 45 44 43 45 45 43 41 40 40 40 40 39 38 38 37 36 36 36 36 36 36 35 35 36 37 37 37 38 37 37 36 35 35 36 37 39 41 43 44
53 53 53 54 56 57 55 53 53 54 54 52 50 48 48 47 46 44 43 43 43 44 45 47 48 48 47 46 44 44 45 47 49 51 51 51 51 50 50 50 49 49 47 46 46 46 45 44 43 42 43 44 45 45 45 45 45 46 46 44 45 45 44 41 40 39 39 39 38 38 37 36 36 36 36 36 36 36 35 36 36 37 38 38 39 38 38 37 36 35 35 37 39 41 43 44
53 52 52 52 55 56 54 52 52 54 55 54 52 51 50 47 45 44 44 43 44 45 46 48 49 49 48 47 45 45 47 48 50 51 52 52 52 52 52 53 53 50 48 47 46 45 44 43 43 43 43 44 44 44 44 44 45 47 48 48 48 47 45 43 41 40 39 38 38 38 37 37 37 38 37 37 37 36 36 36 37 37 38 39 39 39 38 37 36 35 35 36 38 40 41 42
54 52 51 52 53 56 56 54 52 54 56 56 54 52 51 47 46 46 46 46 47 48 49 50 51 50 49 48 47 47 49 50 51 52 53 53 53 54 55 56 55 52 50 48 46 45 45 44 43 44 44 45 44 44 44 44 46 48 50 51 50 48 47 46 43 41 40 39 39 38 38 38 38 39 39 38 38 37 37 37 37 37 38 38 38 38 37 36 35 35 35 36 37 38 39 40
54 52 51 51 52 55 57 56 55 56 57 57 55 53 50 47 47 48 49 50 51 52 52 53 53 52 51 50 49 50 51 52 51 52 53 53 53 54 55 56 55 52 50 48 46 45 45 44 43 44 44 45 44 44 44 44 46 48 50 51 50 48 47 46 43 41 40 39 39 38 38 38 38 39 39 38 38 37 37 37 37 37 38 38 38 38 37 36 35 35 35 36 37 38 39 40
54 52 51 51 52 55 57 56 55 56 57 57 55 53 50 47 47 48 49 50 51 52 52 53 53 52 51 50 49 50 51 52 52 53 53 53 54 55 56 57 56 53 51 49 47 47 46 45 45 45 45 45 44 43 44 44 46 49 51 53 52 50 49 48 46 44 42 41 40 39 39 39 40 40 40 40 39 38 38 38 37 37 37 36 36 36 36 35 35 34 35 35 36 37 38 39
53 52 51 51 51 53 55 56 56 56 56 55 53 51 49 49 50 52 54 56 57 57 57 56 55 54 53 52 51 51 52 53 53 53 53 53 53 54 56 56 55 53 52 51 50 49 49 48 47 46 46 45 44 43 43 44 46 49 51 53 52 51 49 49 48 46 44 42 41 41 41 41 41 42 41 41 40 41 41 40 39 37 36 35 35 35 34 34 34 34 34 35 35 36 37 38
53 52 51 50 50 51 52 52 53 52 51 50 49 48 48 50 53 56 59 61 62 62 61 59 57 55 53 52 52 52 53 53 52 52 51 51 52 53 55 56 55 54 53 52 51 52 52 51 49 47 46 45 44 43 43 43 45 47 50 52 52 51 50 49 49 48 45 44 43 42 42 42 43 43 43 43 43 44 45 45 42 38 36 35 34 34 34 34 34 34 34 34 35 36 38 39
51 51 50 49 49 49 49 49 48 47 45 45 44 45 47 51 55 59 62 65 66 65 64 61 58 55 53 52 52 52 52 52 52 51 50 50 50 51 53 55 56 54 53 52 51 53 54 54 52 49 47 45 43 42 42 42 43 45 47 50 50 50 50 49 49 48 46 45 44 44 44 44 45 45 45 46 47 49 50 48 44 40 37 35 35 34 34 34 35 35 35 35 35 36 38 40
51 50 49 49 48 48 47 46 44 42 41 40 41 43 45 52 56 60 64 66 67 66 64 61 58 55 52 51 51 51 51 51 50 50 49 48 49 50 51 54 55 53 51 50 51 55 58 57 54 51 47 44 42 41 40 40 41 42 44 47 48 49 49 48 47 47 46 46 45 45 45 46 46 47 49 50 51 53 53 50 44 40 37 36 35 35 35 35 35 36 35 35 36 37 38 40
50 50 49 48 48 47 46 44 42 39 37 37 38 41 45 52 56 60 63 65 65 64 62 59 56 53 51 50 49 50 50 50 49 49 48 47 47 48 50 52 53 51 49 49 53 58 60 59 55 51 47 44 42 40 39 39 39 41 42 46 48 49 49 48 46 45 45 45 46 46 46 47 47 48 52 54 55 54 51 48 42 39 37 36 35 35 35 35 36 36 36 36 37 37 39 39
