static/dem.asc
ncols         193
nrows         126
xllcorner     -8252.3921517487
yllcorner     3014732.5128431
cellsize      29.112647571874
NODATA_value  -9999
[rows 0 to 54 of 126, columns 0 to 95 of 193]
40 41 42 43 44 45 46 47 48 48 49 49 50 50 50 50 51 53 54 55 55 56 58 59 60 61 62 62 63 63 64 64 64 63 62 61 61 62 63 64 64 64 63 62 61 58 57 57 56 56 56 56 56 56 56 57 57 58 58 56 51 48 46 44 43 42 42 42 39 35 32 29 27 26 25 25 24 24 25 25 25 25 26 27 29 30 30 30 30 29 29 29 30 31 32 32
39 42 43 44 45 45 46 47 47 48 48 49 50 51 52 52 54 56 57 56 57 58 59 60 61 61 61 62 62 62 63 63 63 63 63 63 63 64 65 65 65 64 63 61 59 56 56 55 55 56 55 55 55 55 55 56 57 58 58 56 50 47 44 42 41 40 39 39 37 34 30 28 26 24 23 24 24 24 25 26 27 27 28 29 30 31 32 31 31 30 30 30 30 31 31 32
40 43 45 46 46 46 46 47 47 47 48 49 50 52 53 54 57 58 58 58 58 59 60 61 61 61 60 60 60 61 61 62 62 63 63 64 65 65 65 65 64 63 62 59 57 55 55 55 55 55 55 55 54 54 54 55 56 57 57 55 48 45 42 40 39 37 36 36 35 32 29 26 25 24 23 24 25 25 26 27 28 28 29 29 30 32 33 32 31 31 30 30 30 31 31 32
42 45 46 47 47 47 47 47 47 48 48 49 51 52 54 55 59 58 58 58 59 60 61 61 61 61 60 59 59 59 60 61 62 63 64 65 65 66 65 64 63 62 60 58 56 54 54 55 55 55 55 54 53 53 53 53 54 55 55 53 47 44 41 38 37 35 33 33 33 31 28 25 24 23 23 25 26 27 28 28 29 29 29 30 30 32 33 32 32 31 30 30 31 31 32 33
45 47 48 48 48 48 48 48 48 48 49 50 51 53 54 56 59 58 58 59 60 61 62 62 62 61 60 59 58 58 59 60 61 62 63 65 65 65 64 63 61 60 58 56 55 53 53 54 54 54 54 53 52 51 51 52 53 53 53 51 45 42 39 37 35 33 31 31 32 31 28 25 24 23 24 27 28 29 29 29 29 30 30 30 31 32 33 32 31 31 30 30 31 32 32 33
46 48 49 49 49 49 49 49 49 49 50 51 52 54 55 57 58 58 58 58 59 60 62 63 63 62 61 60 58 57 57 58 59 61 62 64 64 64 63 61 59 57 56 54 53 52 52 52 52 52 52 51 51 50 50 51 51 51 50 48 43 40 37 35 33 31 30 30 31 31 29 26 25 24 25 28 30 30 30 30 30 30 30 31 32 33 32 31 31 31 30 31 32 32 33 34
47 49 49 49 49 50 50 51 51 51 51 52 53 54 56 58 58 57 57 58 59 60 62 63 63 63 62 60 58 57 56 56 57 59 61 62 62 62 61 59 57 55 53 52 51 50 50 49 49 49 49 49 49 49 49 49 49 48 47 45 41 38 36 34 32 30 30 30 30 30 28 26 26 26 27 29 30 31 30 30 30 31 31 32 32 32 31 31 30 30 30 31 32 33 34 35
48 49 49 49 50 50 51 52 53 53 53 53 54 55 56 58 58 57 57 58 59 61 62 64 64 64 62 60 58 56 55 55 55 56 58 59 60 60 59 57 55 53 51 50 49 47 47 46 45 45 45 46 46 47 47 47 46 45 44 42 38 36 34 33 31 30 30 31 31 29 28 27 27 28 28 30 30 31 31 31 31 31 31 31 31 31 30 30 30 29 30 31 32 33 35 36
48 49 50 50 50 51 52 54 54 55 54 54 54 55 55 57 59 58 58 59 60 61 63 64 65 64 63 61 59 57 54 54 54 54 55 56 57 57 56 55 53 51 49 48 47 45 44 43 42 42 42 43 43 44 44 44 43 42 40 38 35 34 33 32 31 30 31 32 32 30 29 29 29 29 30 31 31 31 31 31 31 30 30 30 30 30 30 30 30 29 30 31 33 34 36 36
49 49 50 50 51 52 54 55 56 56 55 55 54 54 54 55 59 59 59 60 61 62 64 65 65 64 62 61 59 57 55 54 53 53 53 54 54 54 53 52 51 49 47 46 46 44 42 41 40 40 40 40 41 41 41 41 39 38 37 35 33 33 32 31 31 31 33 33 32 30 30 30 30 31 31 31 31 32 32 31 30 29 29 30 30 30 30 30 30 29 30 31 33 35 36 36
49 49 49 50 51 53 54 55 56 56 56 55 54 53 53 54 58 60 61 61 62 64 65 65 65 64 62 61 59 58 55 53 52 52 52 52 52 52 51 50 48 47 46 45 45 42 41 40 38 38 38 38 38 38 38 37 36 35 34 33 31 31 30 30 31 32 34 33 31 30 30 31 31 32 32 33 33 33 33 31 30 29 29 30 31 31 31 31 30 30 30 31 33 35 35 35
49 48 49 50 51 53 54 56 57 57 57 56 54 53 53 53 58 61 62 63 63 64 65 65 65 64 62 61 59 58 55 53 52 52 52 52 52 52 51 50 48 47 46 45 45 42 41 40 38 38 38 38 38 38 38 37 36 35 34 33 31 31 30 30 31 32 34 33 31 30 30 31 31 32 32 33 33 33 33 31 30 29 29 30 31 31 31 31 30 30 30 31 33 35 35 35
49 48 49 50 51 53 54 56 57 57 57 56 54 53 53 53 58 61 62 63 63 64 65 65 65 64 62 61 59 58 55 53 52 51 51 50 50 49 49 48 47 46 46 45 44 42 41 39 38 37 36 36 36 36 35 34 33 32 32 31 30 30 29 29 31 32 33 32 31 31 31 32 32 33 34 35 35 34 33 31 30 30 30 31 32 32 32 32 31 30 30 31 32 34 34 34
48 47 48 50 51 53 54 56 57 58 58 57 55 54 53 54 57 60 63 64 64 64 65 65 64 63 62 60 59 58 54 53 52 51 50 50 49 48 47 47 46 46 46 45 45 43 41 40 38 37 36 35 34 33 32 31 31 30 29 29 29 29 28 29 31 32 32 31 31 31 32 33 34 35 36 35 34 33 32 31 31 31 31 32 32 33 33 32 32 30 30 31 31 32 33 32
48 47 48 49 50 52 54 55 56 57 58 58 56 55 55 56 58 59 62 63 64 64 64 64 63 62 61 60 59 57 54 53 51 50 50 50 49 48 47 46 46 46 46 46 46 44 43 41 40 38 37 36 34 32 31 30 29 28 28 27 28 28 27 28 32 32 31 31 31 32 33 34 36 36 36 34 33 32 31 31 31 32 32 33 33 33 33 33 32 31 30 30 30 31 31 31
49 47 48 48 49 50 52 53 55 56 57 57 56 55 56 58 59 60 61 62 63 63 63 62 62 62 61 60 59 58 54 53 51 51 50 50 49 48 47 47 46 46 46 46 46 45 44 43 41 39 38 36 33 32 32 31 29 29 28 26 27 27 27 29 32 32 32 31 32 33 35 36 36 35 34 32 32 31 31 31 32 32 32 33 33 33 33 33 32 31 30 30 30 30 30 30
49 48 48 48 48 49 50 51 53 55 56 56 55 55 56 58 60 60 59 61 63 62 61 61 61 61 60 60 59 58 55 53 52 52 51 50 50 49 48 48 47 47 47 47 47 46 45 43 42 40 38 35 32 31 33 32 31 30 28 27 27 28 28 30 33 33 32 32 33 34 36 36 35 34 33 32 31 31 31 31 32 32 32 32 32 32 32 32 32 31 30 30 30 30 30 30
50 48 48 47 47 47 48 49 51 53 54 55 54 54 55 58 59 59 58 60 62 61 60 60 60 60 60 60 59 58 55 54 53 53 53 52 51 50 49 48 48 47 47 47 47 46 45 43 41 39 37 34 31 30 31 32 31 30 29 28 28 29 30 32 35 34 33 33 34 35 36 35 34 33 33 31 31 31 31 31 31 31 31 31 31 31 32 32 31 30 30 30 30 30 30 30
50 49 48 46 46 46 46 48 49 51 52 53 53 52 53 56 58 58 58 60 61 60 59 59 60 60 59 59 58 57 56 55 55 54 54 53 52 51 50 49 49 48 48 47 46 45 43 41 39 37 35 32 29 29 30 31 30 30 29 29 29 30 31 33 36 35 34 34 35 35 34 33 33 32 32 30 30 30 30 30 31 30 30 30 30 30 30 30 30 30 30 29 29 30 30 30
50 49 47 46 45 45 46 47 49 50 51 52 52 52 53 55 56 58 59 60 61 60 58 59 59 59 59 58 57 57 57 57 57 56 56 55 54 53 52 51 50 49 48 47 46 43 41 39 36 35 33 31 28 27 28 29 28 28 29 29 30 31 32 34 35 35 34 34 35 35 33 32 32 31 31 30 30 30 30 30 30 30 29 29 29 29 29 29 29 29 29 29 29 30 30 30
50 48 47 46 45 45 46 48 49 50 51 51 52 53 54 56 58 59 60 61 61 60 58 58 59 59 58 58 57 57 58 58 58 58 58 57 56 55 54 53 52 50 49 47 45 41 39 36 34 33 32 31 29 27 27 28 28 28 29 29 29 30 31 33 34 34 34 34 34 33 31 31 31 30 30 29 29 29 29 30 30 30 29 29 29 29 29 29 28 28 28 28 28 29 30 30
51 48 47 46 46 47 48 49 50 51 51 52 53 54 56 59 60 61 62 62 62 60 58 58 58 58 58 58 58 58 59 59 59 59 59 59 58 57 56 55 53 51 49 47 44 39 36 34 32 31 31 32 31 29 29 31 32 30 30 29 29 29 30 32 33 33 33 33 32 31 30 30 30 30 29 29 29 29 30 30 30 30 30 29 29 29 29 29 28 28 27 27 27 28 29 29
51 48 47 47 47 48 49 51 52 52 52 53 54 55 57 61 62 63 63 62 62 61 59 58 58 58 58 58 58 59 59 60 60 60 60 60 59 58 57 56 54 52 49 46 43 36 33 31 30 30 31 32 32 31 32 33 32 31 30 29 29 29 29 31 32 31 32 31 30 29 29 29 29 29 29 29 29 29 30 30 30 30 30 30 29 29 29 29 29 28 27 27 27 27 28 28
51 49 48 48 49 50 51 52 53 54 54 55 56 57 59 63 64 64 63 63 63 62 59 58 58 58 58 58 59 59 59 59 59 59 60 60 60 60 59 57 55 52 48 45 41 33 31 29 29 29 30 31 32 33 33 32 31 30 30 30 28 28 28 29 30 30 30 29 28 28 28 28 28 28 28 28 29 29 30 31 31 31 31 30 30 30 30 30 29 29 28 28 28 28 28 29
50 49 49 49 50 51 53 54 55 55 56 57 58 59 61 63 64 64 64 63 63 62 60 58 58 59 59 59 59 59 58 58 58 59 60 61 61 61 60 58 55 51 47 43 39 32 29 28 28 28 30 31 32 33 33 32 32 31 30 30 29 28 28 28 28 28 28 28 27 27 28 28 28 28 28 28 29 29 30 31 32 32 32 31 31 31 31 31 31 30 29 29 29 29 29 30
49 49 49 50 51 52 54 55 56 57 58 58 59 61 62 64 64 65 64 63 63 63 61 59 59 59 59 59 59 59 58 57 57 58 59 61 62 62 60 58 54 50 46 41 37 30 28 27 27 28 29 30 32 33 33 33 32 32 31 31 29 28 28 28 27 27 27 27 27 27 27 28 28 28 28 28 29 30 31 31 32 32 32 32 32 32 33 32 32 31 30 30 30 30 30 31
48 49 49 50 51 53 54 56 57 58 59 59 60 61 62 64 64 65 65 64 64 64 62 60 60 60 60 59 59 59 57 57 57 58 59 61 62 61 60 57 53 48 43 39 36 30 28 27 27 27 29 30 31 32 33 33 32 32 32 31 29 29 28 28 28 28 28 28 28 28 28 28 28 29 29 29 29 30 31 31 32 32 32 33 33 33 33 33 32 31 31 31 31 31 31 31
48 49 50 51 52 53 55 57 58 59 60 60 60 61 62 63 64 65 65 65 65 64 63 61 61 60 60 60 59 59 58 57 57 58 59 60 61 60 58 55 50 46 42 39 36 30 29 28 27 27 28 29 30 31 32 32 32 32 32 31 30 29 29 28 28 28 28 28 28 28 29 29 29 29 29 30 30 30 31 32 32 32 32 33 33 34 34 33 32 32 31 31 31 31 31 31
48 50 50 51 53 54 56 58 59 60 60 60 60 60 60 62 63 64 65 65 65 64 62 62 62 61 61 60 60 59 59 58 58 58 59 59 59 57 54 51 48 45 43 40 36 31 29 28 28 28 28 28 29 30 30 31 31 32 32 32 31 30 29 29 29 29 29 29 29 29 30 30 30 30 30 30 31 31 31 32 32 32 32 32 32 33 33 33 32 32 32 31 31 31 31 31
48 50 51 52 53 55 57 59 60 61 61 60 60 59 59 61 62 63 64 65 64 63 62 62 62 62 61 61 60 60 59 59 59 58 58 57 56 53 50 48 46 44 43 40 35 31 29 28 28 28 28 28 28 28 29 29 30 31 32 32 31 31 30 30 29 29 29 29 29 29 30 30 30 30 30 30 31 31 31 32 32 32 32 32 32 33 33 33 32 32 32 31 31 31 31 31
48 50 51 52 53 55 57 59 60 61 61 60 60 59 59 61 62 63 64 65 64 63 62 62 62 62 61 61 60 60 59 59 59 58 58 57 56 53 50 48 46 44 43 40 35 31 29 28 28 28 28 28 28 28 29 29 30 31 32 32 31 31 30 30 29 29 30 30 30 30 30 31 31 31 31 31 31 32 32 32 32 32 32 31 32 32 32 32 32 32 32 32 31 31 31 31
48 49 51 52 54 56 58 60 61 61 61 61 60 59 59 60 61 62 63 63 62 62 62 62 62 62 62 61 61 60 60 60 59 58 57 55 52 48 46 46 45 43 41 37 33 30 29 29 29 29 29 28 28 28 28 28 29 30 31 32 32 32 31 31 30 30 30 31 31 31 31 31 32 32 32 32 32 32 32 32 31 31 31 31 31 31 31 31 32 32 32 32 32 31 31 31
47 48 49 51 53 56 58 60 61 62 62 61 60 59 59 59 60 61 62 61 60 60 61 62 62 62 62 61 61 60 60 60 59 57 55 51 48 45 44 43 42 40 37 34 31 30 30 30 30 30 30 29 28 28 27 28 28 30 31 32 33 33 32 31 31 31 31 31 31 31 32 32 32 33 33 32 32 32 32 31 31 30 30 30 30 30 31 31 31 32 32 32 32 31 31 31
45 45 47 48 51 54 57 60 61 62 62 61 60 59 59 59 60 61 61 59 59 59 60 61 62 62 62 61 61 60 59 59 57 55 52 48 44 41 41 41 39 36 33 31 30 30 30 31 31 31 31 30 29 28 27 28 28 30 31 32 33 33 32 32 31 31 31 31 32 32 32 32 33 33 34 33 33 32 32 32 31 30 30 30 30 30 31 31 31 31 31 32 31 31 31 31
45 43 43 45 49 53 56 59 61 62 62 61 60 59 59 59 60 61 61 59 58 58 59 60 61 62 62 61 60 59 57 56 55 52 49 45 41 38 38 38 36 33 30 30 30 30 31 32 32 32 32 31 30 29 28 28 29 30 31 32 33 32 32 31 31 31 31 32 32 32 33 33 33 33 34 34 33 32 32 32 31 30 30 30 30 30 30 30 30 30 31 31 31 31 31 31
46 42 41 43 47 52 56 59 61 62 62 61 60 59 59 59 60 61 60 58 56 57 57 58 60 61 61 60 59 58 55 53 51 48 45 42 38 36 35 34 32 31 30 30 30 31 31 32 32 32 32 31 30 30 29 29 30 31 32 32 33 32 31 31 31 31 32 33 33 33 33 33 33 33 34 34 33 32 32 31 30 30 30 30 30 30 30 30 30 29 29 30 30 30 31 30
48 43 41 43 47 52 56 60 62 63 62 61 60 59 58 59 60 61 60 57 55 56 56 57 59 60 60 59 58 56 51 49 47 44 42 39 37 35 33 32 31 31 31 31 31 31 31 32 32 32 32 31 31 30 29 29 30 31 31 32 32 31 31 31 31 32 33 34 34 33 33 33 32 32 33 33 33 32 31 30 29 29 29 29 29 29 29 29 29 28 28 29 29 30 30 29
49 45 43 44 48 53 57 60 62 63 62 61 60 59 58 59 60 60 59 56 55 55 56 57 59 60 60 59 57 54 48 46 43 41 40 38 36 34 33 32 31 31 31 31 31 31 31 31 31 31 31 30 30 30 29 29 30 30 31 32 32 31 31 31 32 33 34 35 35 34 33 32 32 32 33 33 33 32 31 30 29 29 28 28 28 29 29 28 28 28 28 29 29 29 29 28
50 47 45 46 50 54 58 61 62 63 62 61 60 59 58 59 59 60 59 57 55 55 56 58 59 61 60 59 56 53 46 43 40 39 37 36 34 33 32 31 31 31 31 31 31 31 31 30 30 30 30 29 29 29 29 29 29 30 31 31 31 31 31 31 33 34 35 35 35 34 33 32 31 31 32 33 33 32 31 30 29 28 28 28 28 29 29 29 29 28 29 29 29 29 29 28
50 48 47 48 51 55 58 60 62 62 62 61 59 58 58 58 59 59 59 58 57 56 57 59 61 62 60 58 54 50 43 40 39 37 36 35 33 32 31 30 30 30 31 31 31 30 30 29 29 29 29 28 28 28 28 28 29 29 30 29 30 30 30 31 33 34 35 35 35 34 33 31 31 30 31 32 32 32 31 30 29 28 28 28 29 29 29 29 29 29 29 29 29 30 29 28
50 49 48 49 52 55 58 60 61 61 61 60 59 58 57 58 59 59 59 59 59 59 60 62 62 61 58 54 50 45 38 37 37 36 35 34 32 31 30 29 29 29 30 30 30 30 30 29 29 29 28 28 28 28 28 28 28 28 29 28 29 29 29 31 32 33 34 35 35 34 33 31 30 30 30 31 32 32 31 30 29 29 29 29 29 30 30 30 30 30 30 30 30 31 30 30
50 48 48 50 52 55 57 59 60 60 60 59 59 59 58 58 59 59 60 60 62 63 63 62 60 57 54 49 45 40 34 34 34 35 35 34 32 31 29 28 28 28 29 30 30 30 30 29 29 29 29 28 28 28 28 28 28 28 28 28 28 29 29 30 32 33 34 35 35 34 33 31 30 29 29 30 31 31 31 31 31 30 30 30 30 30 30 30 30 30 30 31 32 32 32 32
49 48 48 50 52 54 56 58 59 60 60 59 59 60 60 59 60 60 61 62 63 64 63 60 56 52 48 44 39 36 31 31 31 33 34 34 32 31 29 28 28 28 29 29 30 30 30 30 30 30 29 29 29 28 28 28 28 28 28 28 29 30 30 31 31 32 33 34 35 34 33 31 30 29 28 29 30 31 31 32 32 31 31 31 31 31 30 30 30 30 30 31 32 33 34 35
48 47 48 49 51 53 55 57 58 59 60 59 60 60 60 61 62 62 62 63 62 62 60 56 52 47 43 38 35 32 30 30 30 31 33 34 33 31 30 29 28 28 29 30 30 31 31 32 31 31 31 31 31 31 30 29 29 29 29 30 31 33 32 31 32 33 33 34 35 34 33 32 30 29 28 28 29 30 31 32 32 32 32 31 30 30 30 30 29 29 29 31 32 34 36 37
47 47 47 48 50 52 54 56 58 59 59 59 60 60 60 62 63 63 62 61 60 58 55 52 47 42 38 34 32 30 29 29 30 31 32 34 34 33 31 30 30 29 30 31 31 33 33 33 33 32 33 33 34 33 32 31 30 30 31 32 33 34 34 34 34 34 34 35 35 34 33 32 31 30 28 28 29 30 31 32 32 32 32 31 30 30 30 29 28 28 29 30 32 35 37 39
48 47 47 47 49 51 53 55 57 58 59 58 59 59 60 60 60 60 60 58 56 53 49 46 42 38 34 32 30 30 29 30 30 31 32 33 34 34 33 32 32 31 31 32 33 34 34 33 32 32 33 33 34 34 33 32 32 31 31 32 32 33 34 36 37 37 36 36 36 35 34 33 32 31 30 30 30 30 31 32 32 33 32 32 31 30 30 29 28 27 28 29 32 35 37 39
48 48 47 47 48 50 52 55 57 57 57 57 57 56 55 56 56 56 55 53 50 47 43 40 37 35 32 31 30 30 30 31 31 31 32 32 33 34 35 34 34 34 33 34 34 34 33 32 31 32 32 33 34 34 33 32 31 30 30 30 31 32 34 37 39 40 39 38 36 36 35 35 35 35 33 32 31 31 31 32 32 33 33 33 32 31 30 29 28 27 27 29 31 34 37 39
49 48 48 48 48 50 52 54 56 56 55 54 52 51 50 52 52 52 50 47 44 41 37 34 32 32 31 31 31 31 31 31 31 31 31 32 32 33 34 35 36 36 36 36 36 34 32 31 31 32 33 34 34 34 33 32 30 29 28 28 30 32 34 37 40 42 42 40 38 36 37 37 38 38 36 34 32 31 31 31 32 33 34 34 33 32 31 29 28 27 28 29 31 33 35 37
50 49 49 49 49 51 52 54 54 56 55 54 52 51 50 52 52 52 50 47 44 41 37 34 32 32 31 31 31 31 31 31 31 31 31 32 32 33 34 35 36 36 36 36 36 34 32 31 31 32 33 34 34 34 33 32 30 29 28 29 30 32 34 37 40 42 42 40 38 36 37 37 38 38 36 34 32 31 31 31 32 33 34 34 33 32 31 29 28 27 28 29 31 33 35 37
50 49 49 49 49 51 52 54 54 53 52 50 48 46 47 48 48 47 45 42 38 35 32 30 29 29 30 33 35 35 33 32 31 31 31 32 32 32 32 34 37 38 38 37 36 33 32 31 31 32 33 34 34 34 33 32 30 29 28 28 29 31 34 37 40 42 43 42 39 37 38 39 41 41 39 36 34 32 31 32 33 34 35 35 34 33 31 30 28 28 29 30 31 32 33 34
50 50 49 50 50 51 52 52 52 51 50 48 45 44 44 45 44 42 39 36 33 31 29 27 27 27 30 35 40 41 34 32 31 30 31 31 32 32 32 34 37 38 38 36 35 32 32 32 32 32 33 34 35 35 34 33 31 30 28 28 29 31 34 37 39 41 42 41 39 38 39 41 42 43 40 37 35 32 31 32 33 35 36 36 35 34 32 30 29 30 31 31 31 32 32 32
49 49 50 50 50 51 51 51 50 49 48 47 44 43 43 42 41 38 35 32 30 28 26 26 26 27 31 37 41 42 35 32 30 30 31 32 33 33 34 35 36 37 36 35 34 32 32 32 32 32 33 34 35 35 35 34 33 31 30 29 30 31 33 36 38 39 40 40 38 37 38 40 42 43 40 37 34 32 31 32 33 35 36 36 36 34 33 32 31 32 33 32 32 32 32 31
48 49 49 50 50 50 50 50 50 49 48 47 44 42 42 40 38 36 33 30 28 26 26 26 26 29 33 37 40 41 34 33 32 32 33 34 34 34 35 35 35 35 34 34 33 32 32 32 32 32 32 33 35 35 36 35 34 33 32 30 30 30 32 34 36 37 38 38 37 36 37 39 41 41 38 35 33 31 30 31 33 34 35 36 36 35 34 33 33 34 35 35 34 34 33 31
48 49 49 50 50 50 51 51 50 49 49 47 44 42 41 39 37 34 32 29 27 26 27 27 28 31 33 35 38 38 35 34 34 34 35 35 35 36 38 38 36 34 33 33 33 32 32 32 32 32 32 33 34 36 37 37 35 34 32 30 29 29 30 32 34 35 36 36 36 36 35 36 38 38 35 33 31 30 30 31 32 33 35 36 36 35 35 34 34 35 36 37 36 35 33 32
48 49 50 51 51 51 52 52 51 50 49 48 44 41 40 37 35 33 31 29 27 26 27 27 29 31 32 34 35 36 35 35 35 35 35 35 35 37 41 41 38 35 33 33 32 32 32 31 31 31 31 32 34 37 39 38 35 33 32 29 28 28 28 30 32 34 35 35 36 35 33 33 34 34 33 32 31 30 30 30 31 33 34 35 36 36 35 35 34 35 36 36 36 35 33 32
