static/dem.asc
ncols         193
nrows         126
xllcorner     -8252.3921517487
yllcorner     3014732.5128431
cellsize      29.112647571874
NODATA_value  -9999
[rows 55 to 109 of 126, columns 96 to 191 of 193]
31 30 31 31 32 32 32 31 30 30 31 31 32 33 33 34 35 35 35 34 34 33 33 32 32 32 32 32 32 32 32 33 33 33 32 31 30 30 30 31 32 33 32 32 31 31 30 29 28 28 28 28 29 29 29 29 29 29 29 30 30 31 32 33 33 30 29 28 25 21 19 19 17 15 17 22 25 26 26 27 28 28 28 28 28 29 29 30 31 31 31 31 31 30 30 31
31 31 31 32 32 32 32 31 31 30 31 31 32 32 33 33 34 35 34 34 33 33 32 31 31 31 31 31 31 31 31 32 32 32 31 30 29 29 29 30 31 32 32 32 31 31 30 29 28 27 27 27 28 28 29 29 29 29 30 30 30 31 32 34 33 29 27 26 24 20 18 19 17 15 15 19 24 26 26 27 28 28 28 28 28 29 30 31 31 30 30 31 31 30 30 31
31 31 31 32 32 32 32 31 30 30 31 31 32 32 32 32 33 33 33 33 32 32 32 31 32 31 31 31 31 31 31 32 32 31 29 28 28 28 28 28 29 30 31 31 30 30 29 29 28 27 27 27 27 28 28 29 29 29 29 30 30 31 33 34 33 29 26 25 22 18 16 18 18 17 16 18 22 27 28 27 28 28 28 28 28 29 29 30 31 30 29 30 31 31 31 32
32 32 32 32 32 32 32 31 30 30 31 31 31 31 31 32 32 32 32 32 32 32 32 32 32 32 32 32 32 31 32 32 31 30 28 28 28 27 27 27 27 29 30 30 30 29 29 29 28 28 27 27 27 28 28 28 29 29 29 29 30 31 32 34 33 29 26 24 20 17 16 17 19 19 17 18 22 27 29 28 27 28 28 27 27 28 28 29 30 30 28 29 31 32 32 32
33 33 33 33 33 33 32 32 31 31 31 31 32 31 31 32 32 32 32 32 32 32 32 33 33 33 33 33 32 32 32 32 31 29 29 28 28 27 27 26 26 27 28 29 29 29 30 30 30 29 29 28 27 27 28 28 29 29 29 29 30 31 32 33 33 30 26 22 19 17 17 17 18 18 17 18 21 25 29 29 27 27 26 26 26 26 26 27 28 29 28 29 30 32 32 31
32 32 33 34 34 34 33 32 31 31 32 32 33 32 32 33 32 32 31 31 31 32 32 33 34 34 34 34 33 33 34 33 32 30 29 29 28 27 27 26 26 27 28 29 29 29 30 31 31 31 30 29 27 27 28 28 29 29 29 30 30 31 32 33 33 32 29 22 20 19 18 17 17 17 16 17 20 24 29 30 28 26 25 24 25 25 25 26 26 27 28 29 30 31 31 30
31 32 34 35 35 36 36 35 32 32 33 34 34 34 34 34 33 32 32 31 32 32 33 34 34 34 34 34 34 34 35 34 33 32 31 30 29 28 27 27 27 28 29 29 29 30 31 32 32 32 31 29 27 27 28 28 29 29 30 30 30 31 31 32 33 33 31 23 22 22 20 18 17 17 16 17 19 23 29 30 27 26 25 24 24 23 24 25 25 25 26 28 29 29 29 29
31 32 34 36 37 38 38 37 35 34 34 34 35 35 35 35 34 33 32 32 32 33 33 34 34 34 34 35 35 35 36 35 34 34 33 31 30 28 28 28 28 29 30 30 30 31 32 32 32 32 31 30 27 27 28 28 29 29 30 30 30 31 31 31 32 33 33 26 25 25 22 19 18 17 16 16 18 22 28 29 27 26 26 26 25 24 24 24 24 24 25 27 28 28 28 28
32 32 34 35 36 37 38 38 37 36 35 35 35 35 36 36 35 34 33 32 32 33 33 34 34 35 35 36 36 36 37 36 35 34 33 32 30 28 28 28 29 30 30 30 30 31 31 32 32 31 30 29 28 28 28 28 29 30 30 30 31 31 31 31 31 32 32 29 28 28 25 21 19 18 16 16 18 22 27 28 26 26 27 27 27 26 26 25 25 26 26 27 28 28 28 28
31 31 32 33 35 36 37 37 37 37 36 35 35 35 36 36 35 35 34 33 33 34 35 35 35 35 36 36 36 37 37 36 35 34 33 31 30 28 28 28 29 31 31 30 30 30 30 31 31 30 30 29 28 29 29 29 30 30 30 30 31 31 31 31 31 31 31 30 31 30 27 23 20 19 18 17 20 24 28 28 27 26 28 28 28 28 28 27 27 27 28 28 28 29 29 29
31 31 32 33 34 35 36 36 37 37 37 35 34 34 35 35 35 35 35 35 35 35 36 36 36 37 37 37 37 37 36 34 33 33 32 30 29 28 28 29 30 31 31 30 30 30 30 30 30 30 30 30 30 30 30 30 31 31 31 31 31 31 31 31 31 31 31 30 32 32 28 24 23 23 22 21 23 27 28 28 27 26 28 28 29 29 29 28 28 29 29 29 29 29 29 29
31 31 32 33 34 35 36 36 37 37 37 35 34 34 35 35 35 35 35 35 35 35 36 36 36 37 37 37 37 37 36 34 33 33 32 30 29 28 28 29 30 31 31 30 30 30 30 30 30 30 30 30 30 30 30 30 31 31 31 31 31 31 31 31 31 31 31 30 32 32 28 24 23 23 22 21 23 27 28 28 27 26 28 28 29 29 29 28 28 29 29 29 29 29 29 29
33 33 33 34 34 35 36 37 37 36 36 35 34 33 33 34 35 35 36 36 37 37 39 39 39 38 38 37 37 37 35 33 32 31 30 29 29 28 28 29 29 30 30 30 29 30 30 30 30 30 30 31 32 32 32 32 32 32 32 32 31 32 32 32 32 32 31 31 32 32 27 23 23 25 24 23 25 27 29 29 28 27 28 29 29 29 29 29 29 29 29 30 30 30 30 30
35 34 34 35 35 36 37 37 37 36 35 34 33 32 32 33 34 36 37 38 39 40 41 41 41 40 39 39 37 36 34 32 31 30 29 29 28 28 28 29 29 29 30 30 30 30 30 30 30 30 31 32 33 33 34 34 33 33 32 32 32 32 32 32 32 32 32 30 30 29 24 20 20 21 21 21 23 25 28 29 29 28 30 30 30 29 29 29 29 29 30 30 30 30 30 30
36 36 36 36 37 37 38 38 37 36 34 33 32 32 32 33 34 36 38 40 41 42 44 44 43 42 41 39 37 36 34 32 31 30 29 28 28 29 29 29 29 29 30 31 31 30 30 31 31 31 31 32 34 34 35 35 35 34 33 32 32 32 32 32 32 32 32 29 28 26 22 19 18 18 17 18 20 23 27 30 30 29 31 30 30 30 30 29 29 29 30 30 30 30 30 30
37 37 37 37 37 38 38 38 37 36 34 33 32 31 32 33 35 37 39 41 43 44 46 45 44 43 41 39 37 36 34 33 32 30 29 29 29 29 29 29 29 30 31 32 32 31 31 31 31 31 31 32 34 35 36 36 36 35 34 33 33 33 33 33 33 32 32 30 28 26 23 20 18 17 16 16 19 23 26 29 29 28 29 29 29 30 30 30 30 30 30 30 30 30 30 30
37 37 37 37 37 38 38 38 37 36 35 33 31 31 32 34 36 38 40 43 45 46 48 46 44 42 40 38 37 36 35 34 32 31 30 29 29 29 30 30 30 30 31 32 33 33 32 32 32 31 31 31 33 35 36 36 36 36 35 35 34 34 34 34 33 33 33 31 29 27 24 21 19 18 17 17 18 21 24 27 28 27 28 28 28 29 29 30 31 31 31 31 31 31 31 31
37 36 36 36 36 37 37 37 37 36 35 33 31 30 31 33 35 38 41 43 45 46 46 45 42 40 38 37 36 36 35 34 33 32 31 30 30 30 30 30 30 30 31 31 32 33 34 33 32 32 31 31 33 34 36 37 37 37 37 36 36 36 35 35 35 34 34 32 30 28 25 21 19 19 18 16 15 17 22 27 28 27 28 28 28 28 28 29 29 29 30 31 32 32 32 32
36 35 35 35 35 36 36 36 37 36 34 33 31 30 30 31 33 36 39 41 43 44 43 42 40 38 37 36 35 35 35 34 33 33 32 31 30 29 30 30 30 30 31 31 32 33 34 34 33 32 32 32 33 34 35 37 37 38 38 37 37 36 36 36 36 36 35 32 29 28 25 22 20 20 18 15 13 15 21 27 28 27 28 28 28 28 28 28 28 28 29 30 31 32 33 33
36 35 34 34 34 35 35 36 36 35 34 33 31 30 29 30 31 33 35 38 40 41 40 39 37 36 36 35 35 35 35 34 33 33 32 31 30 29 29 29 30 30 30 30 31 32 34 34 33 32 32 32 32 33 34 36 37 37 37 37 37 37 37 37 37 36 36 33 30 28 25 22 21 19 16 14 13 14 20 26 29 29 28 28 28 28 28 28 28 28 28 29 30 31 32 32
35 34 34 33 33 34 34 35 35 35 34 33 31 29 28 29 29 31 33 34 36 37 38 37 36 35 35 35 35 35 34 33 32 31 31 31 30 29 29 29 30 30 30 30 30 31 32 33 33 33 32 32 32 33 34 35 36 36 36 36 36 36 36 36 36 36 36 34 30 28 25 23 20 18 15 15 15 15 20 26 29 30 28 29 29 28 28 28 28 28 28 29 29 30 31 31
35 34 33 33 33 33 33 34 35 35 34 33 31 29 28 28 28 29 30 32 34 35 36 36 36 35 35 34 33 33 33 31 30 30 30 30 30 29 29 29 30 30 29 29 29 30 30 31 33 33 32 32 33 33 33 34 35 35 35 35 34 34 34 35 35 35 36 35 31 27 26 24 21 18 17 18 20 19 21 25 29 30 29 29 29 29 28 28 28 28 28 29 29 30 30 30
35 34 33 33 32 32 33 34 35 36 35 34 32 30 28 28 28 28 29 31 32 34 36 35 35 35 33 33 32 31 31 31 30 29 29 29 30 29 29 30 30 30 29 29 29 29 29 30 32 33 33 33 33 33 33 34 34 34 34 33 33 33 33 34 34 35 35 35 32 29 27 25 23 21 21 22 23 22 22 25 28 30 29 29 29 29 29 29 29 29 29 29 29 29 30 30
35 34 33 33 32 32 33 33 35 36 36 34 33 31 29 28 28 28 29 30 32 34 36 34 34 33 32 32 31 31 31 31 30 29 28 28 30 29 29 30 30 29 29 29 28 28 28 29 31 33 33 33 34 34 34 34 34 34 34 33 32 32 32 33 33 34 35 34 33 31 28 25 24 23 23 23 24 23 23 25 28 30 29 29 30 30 30 29 29 29 29 29 29 29 29 29
34 33 33 32 32 32 32 33 35 36 36 35 33 32 30 29 29 29 29 31 33 35 35 34 33 33 32 32 31 31 31 30 30 29 28 29 31 30 30 30 30 29 29 29 28 28 28 29 30 32 33 34 34 34 34 34 34 34 33 33 32 32 32 33 33 34 34 34 34 32 28 25 23 23 23 23 23 23 24 26 28 29 30 30 29 30 30 30 30 30 30 29 29 29 29 29
33 33 33 32 31 31 31 32 34 35 36 35 34 33 31 30 30 30 30 31 34 35 34 34 33 33 33 32 32 31 31 30 30 30 29 29 30 31 30 30 30 29 29 29 28 28 29 29 30 32 33 34 35 34 34 34 34 34 33 33 32 32 32 33 34 35 35 35 35 33 29 25 23 24 24 23 23 23 24 26 28 29 30 30 29 29 30 30 30 30 30 30 29 29 29 29
33 32 32 31 30 30 30 31 33 35 36 36 35 34 33 32 31 31 31 32 35 36 34 33 33 33 33 33 32 32 32 31 30 30 29 29 30 31 30 30 29 29 29 29 29 29 29 29 30 31 33 34 35 34 34 34 33 33 33 33 33 33 33 34 34 35 35 36 36 34 31 26 24 24 24 24 24 24 24 25 28 29 30 30 29 29 30 30 30 30 30 30 29 29 29 29
33 32 31 29 28 28 28 29 33 35 36 36 36 35 34 33 32 32 32 33 35 36 34 33 33 33 33 33 33 32 32 31 31 30 30 29 30 31 30 30 29 29 29 29 29 29 29 29 30 31 32 33 33 34 34 33 33 32 32 32 33 33 33 34 34 35 35 38 37 35 32 30 27 26 25 24 24 24 23 24 27 29 30 30 29 28 29 29 29 30 30 29 29 29 29 29
33 32 30 29 28 27 28 29 33 35 37 38 37 36 35 34 33 33 33 34 35 35 33 33 33 33 33 33 33 33 32 31 31 31 31 29 30 31 30 30 30 30 30 30 30 29 30 30 30 30 31 31 32 32 32 33 33 32 32 32 33 33 33 34 35 35 37 38 37 35 33 32 30 29 27 26 25 24 24 24 25 28 30 30 29 28 28 29 29 30 30 29 29 29 29 29
33 32 30 29 28 27 28 29 33 35 37 38 37 36 35 34 33 33 33 34 35 35 33 33 33 33 33 33 33 33 32 31 31 31 31 29 30 31 30 30 30 30 30 30 30 29 30 30 30 30 31 31 32 32 32 33 33 32 32 32 33 33 33 34 35 35 37 38 37 35 33 32 30 29 27 26 25 24 24 24 25 28 30 30 29 28 28 29 29 30 30 29 29 29 29 29
34 32 31 30 28 28 29 30 35 37 39 40 39 38 37 35 34 34 34 34 35 35 33 33 33 33 33 33 33 33 32 32 31 32 32 29 29 30 30 30 30 30 31 31 30 30 30 30 30 30 30 31 31 30 31 31 32 33 33 33 33 34 34 34 35 36 37 38 36 35 33 32 31 31 30 28 26 24 24 23 24 26 29 30 30 29 28 29 30 30 30 30 30 29 29 29
35 33 32 31 31 31 31 32 37 40 41 42 41 40 38 37 36 35 35 35 36 36 33 33 33 33 33 33 33 33 32 32 32 33 32 30 30 31 30 31 32 32 31 31 31 31 31 31 30 30 30 30 30 30 30 30 31 32 34 34 34 34 34 35 35 36 36 36 36 35 33 31 31 31 31 30 26 25 24 23 24 26 29 30 30 29 29 29 30 31 31 31 31 30 29 29
36 35 34 34 34 34 34 35 40 42 43 43 42 41 39 37 36 36 36 36 37 37 34 33 34 34 33 33 33 33 32 32 32 33 32 31 31 31 31 33 35 34 33 32 32 32 32 32 31 30 30 30 30 30 30 31 31 32 33 34 35 36 36 36 35 35 35 35 35 34 33 31 30 31 31 30 28 26 25 25 26 28 30 30 31 31 30 30 31 32 32 32 31 31 30 29
37 37 37 37 37 37 37 38 41 43 44 44 43 41 39 38 37 37 37 37 38 38 36 34 35 35 35 34 33 33 32 32 32 32 33 33 32 31 33 35 37 37 35 33 33 33 33 33 32 31 31 31 30 31 31 31 32 32 33 33 35 37 37 37 35 34 34 34 34 33 32 31 29 29 30 30 30 29 28 28 29 30 29 30 31 32 32 31 32 33 33 33 32 31 31 30
37 37 38 38 38 38 39 39 42 43 43 43 42 40 39 38 37 37 37 38 38 39 38 36 35 35 36 36 35 34 33 33 33 33 34 33 32 32 33 36 38 38 36 34 34 35 35 34 33 33 32 32 32 32 32 32 33 33 33 33 34 36 38 37 35 34 34 33 33 33 32 31 29 29 30 31 31 31 30 30 31 30 29 30 31 33 33 32 33 34 34 34 33 32 32 31
37 37 38 38 39 39 39 39 41 42 42 41 40 39 38 38 37 37 37 37 37 38 39 38 37 36 35 35 35 35 35 35 35 35 34 33 31 32 33 36 38 38 36 35 35 36 36 35 34 34 33 32 32 33 33 33 33 33 33 34 35 36 36 36 36 36 35 34 33 33 32 31 30 30 30 31 31 31 31 30 31 30 29 30 31 33 34 34 34 34 35 35 34 34 33 33
36 37 38 38 39 39 39 39 40 41 40 40 39 39 38 37 37 36 36 36 36 37 38 39 38 37 36 36 36 37 38 38 38 37 35 33 31 31 32 34 37 37 36 36 36 37 37 36 35 34 33 32 32 33 33 34 34 34 34 35 36 36 34 35 36 36 35 35 35 34 33 32 31 30 30 31 31 32 32 31 31 30 30 31 32 33 34 34 34 35 36 36 35 35 34 34
36 36 37 38 39 39 40 40 40 40 40 39 38 38 38 37 36 35 34 34 35 35 37 38 38 38 38 38 39 39 40 40 39 38 35 33 32 31 32 33 34 36 36 37 38 38 38 37 36 34 33 32 32 33 34 34 34 35 36 38 38 37 34 34 36 35 33 35 37 37 35 34 32 30 30 31 31 32 33 32 31 30 30 31 32 33 34 34 34 35 36 36 36 36 35 34
36 37 37 38 39 40 40 41 41 40 39 38 38 37 37 36 35 34 33 33 34 34 36 36 36 37 37 38 39 40 41 41 40 39 37 35 33 31 32 33 34 36 37 38 39 39 39 38 37 35 33 32 32 33 34 35 36 37 39 40 39 37 35 35 35 34 32 34 37 39 38 36 33 31 31 32 32 32 32 32 31 31 31 31 32 33 34 34 34 34 36 36 36 36 35 34
36 37 38 38 39 40 40 41 41 40 39 37 36 36 36 35 34 33 33 33 34 34 35 35 35 36 37 38 39 40 41 41 41 40 37 35 33 31 32 33 35 37 38 38 39 40 39 39 38 36 34 33 33 34 35 36 38 40 41 41 38 36 35 36 36 34 33 34 37 40 40 37 35 33 32 32 33 32 32 32 31 31 31 31 32 32 33 34 34 34 35 36 35 35 34 33
37 38 38 38 39 39 40 41 40 39 38 36 36 35 35 34 34 33 33 33 34 34 35 35 35 36 37 38 39 41 41 42 41 40 38 35 33 32 33 34 36 37 38 38 39 39 39 39 38 37 35 34 34 35 35 37 39 41 42 41 38 36 36 36 37 36 35 35 36 39 40 38 36 34 32 32 33 33 33 32 31 31 31 31 31 32 33 34 34 33 34 34 34 34 33 32
39 39 39 38 38 39 39 40 39 38 37 36 35 35 35 34 34 34 34 34 34 35 36 36 36 37 38 39 40 41 42 42 41 40 38 36 34 34 35 36 37 37 37 37 37 37 37 38 38 37 36 35 35 36 36 37 40 41 41 40 37 35 35 37 38 37 36 35 37 40 40 38 37 35 34 33 33 33 33 32 31 30 30 30 31 31 32 33 33 32 33 33 33 33 32 32
41 41 40 39 38 38 38 38 37 36 36 35 35 35 35 35 34 34 34 34 35 36 37 37 38 38 39 39 41 42 42 42 41 40 38 36 35 36 37 37 37 37 36 35 35 35 35 36 37 36 36 36 36 37 37 38 39 40 40 40 36 33 33 36 38 39 39 37 39 40 39 38 37 36 35 33 33 33 33 32 31 30 30 30 30 31 32 33 32 31 32 32 32 32 32 31
43 42 40 39 38 37 37 36 36 35 35 35 36 36 36 35 35 34 34 34 35 36 38 38 39 39 39 40 41 42 42 41 41 39 38 37 36 37 38 37 37 36 35 34 33 33 33 34 35 36 36 36 37 37 37 38 37 37 38 38 36 33 33 36 38 39 39 39 40 39 38 37 37 36 35 33 32 33 33 32 31 30 30 30 30 31 32 32 32 31 31 32 32 31 31 31
44 43 41 39 38 37 36 35 35 35 35 36 36 37 36 36 35 34 34 34 35 36 38 39 40 40 40 40 41 41 41 40 40 38 37 37 37 37 38 37 37 35 34 33 32 32 32 33 34 35 35 36 37 37 37 37 36 35 35 36 35 33 34 36 38 39 39 39 39 37 36 36 36 35 34 32 31 31 32 32 31 30 30 30 30 31 31 32 32 31 31 32 32 31 31 31
43 42 41 39 38 37 36 34 34 34 35 36 37 37 37 36 35 34 34 34 35 36 39 40 40 40 40 40 40 40 40 39 38 37 36 36 36 37 37 37 36 35 34 33 32 32 32 33 34 34 35 36 37 37 37 37 36 35 35 35 35 34 34 36 37 38 38 39 37 36 35 35 35 34 33 32 30 30 31 32 32 31 30 30 30 31 31 32 32 31 31 32 32 32 31 31
42 41 40 39 38 37 36 33 33 33 34 36 37 37 37 36 35 34 33 34 35 36 39 40 41 41 40 40 39 38 38 37 36 36 36 36 36 37 37 37 36 35 34 33 32 32 32 33 34 35 36 37 37 37 36 36 35 35 35 36 36 35 35 36 37 37 38 38 36 35 35 34 34 33 32 31 30 30 31 32 32 31 31 31 31 31 31 31 31 30 31 32 32 32 32 31
40 40 39 38 37 36 35 33 32 32 33 35 36 36 36 35 35 35 34 33 35 36 39 40 41 41 40 39 38 37 36 36 35 35 35 35 36 37 37 37 36 35 34 33 33 33 33 34 36 37 38 38 37 36 35 35 34 34 35 36 36 35 35 36 37 37 38 38 36 35 35 34 34 33 32 31 30 30 31 32 32 31 31 31 31 31 31 31 31 30 31 32 32 32 32 31
40 40 39 38 37 36 35 33 32 32 33 35 36 36 36 35 35 35 34 33 35 36 39 40 41 41 40 39 38 37 36 36 35 35 35 35 36 37 37 37 36 35 34 33 33 33 33 34 36 37 38 38 37 36 35 35 34 34 35 35 35 35 35 36 36 36 36 36 35 34 34 33 33 33 32 32 31 30 31 31 32 32 31 31 31 31 31 31 30 29 30 32 32 32 32 31
39 39 38 37 36 35 34 32 31 31 32 34 35 36 35 35 36 36 34 33 34 36 39 40 41 41 40 39 37 36 35 35 34 34 34 35 36 37 37 37 36 36 35 34 34 34 34 36 37 38 38 38 37 36 35 34 33 33 34 35 34 34 35 35 35 34 34 34 33 33 33 33 33 34 33 33 32 31 31 31 31 31 32 32 31 31 31 31 29 29 29 31 32 32 32 32
39 38 37 36 35 35 34 32 31 31 31 33 34 35 34 35 36 36 34 33 34 36 39 40 40 40 39 38 36 35 34 34 34 34 34 35 36 37 37 37 36 36 35 35 35 35 36 37 38 37 36 36 36 36 34 33 33 33 34 35 34 33 33 33 33 33 32 33 32 32 33 33 34 35 34 34 34 33 33 32 31 31 31 31 31 30 30 29 28 28 29 30 31 32 32 31
40 39 37 36 35 34 34 32 31 31 31 32 33 34 34 34 35 35 34 34 35 36 38 39 39 38 38 37 36 35 34 34 34 34 35 36 36 37 36 36 36 36 36 36 36 36 37 38 38 36 34 34 34 34 34 33 33 33 34 34 33 32 32 32 32 31 31 31 32 32 33 34 35 34 33 33 34 34 34 34 33 32 32 31 31 30 30 29 28 28 29 29 30 31 31 31
40 39 38 36 35 34 34 33 33 32 32 32 33 34 34 34 34 35 35 35 36 37 38 37 37 37 36 36 35 35 34 34 34 34 35 36 36 37 36 36 36 36 37 37 37 38 39 39 37 35 34 33 32 32 33 34 33 33 34 33 32 31 31 31 31 30 30 30 31 32 32 33 33 33 32 32 32 33 34 35 34 33 33 32 32 31 31 30 30 29 29 29 29 30 31 31
40 39 38 36 35 34 35 35 34 34 33 33 33 34 34 35 36 36 37 37 37 38 37 36 36 35 35 35 35 35 35 34 34 34 35 36 36 36 36 36 37 37 38 38 38 39 40 40 38 35 34 33 31 31 32 33 34 34 33 32 32 31 31 31 30 30 30 30 30 30 31 31 31 31 32 32 31 31 33 34 35 34 34 33 33 33 33 32 31 30 29 28 29 29 31 32
39 38 37 35 35 35 36 37 36 35 34 34 34 34 35 36 37 38 38 39 39 38 37 36 35 34 35 35 36 36 36 35 35 35 35 35 36 36 37 37 37 38 38 38 39 39 40 40 39 37 34 33 31 31 31 32 34 33 32 32 32 32 31 31 30 30 30 29 30 30 30 31 31 31 32 32 31 31 31 33 34 34 34 34 34 34 34 33 32 31 29 29 28 29 31 32
